[{"id": 0, "img_name": "IMG_5055", "width": 3997, "height": 2997, "position": [-0.17080028565877478, 4.065739892912879, -0.6636917701976651], "rotation": [[0.9937117190063889, -0.04043059819579194, 0.10441449247541339], [0.09105712095085962, 0.8344748430066676, -0.5434706405254457], [-0.06515842411774746, 0.5495608274964002, 0.8329089245817718]], "fy": 3138.473267660822, "fx": 3138.117100002892}, {"id": 1, "img_name": "IMG_5056", "width": 3997, "height": 2997, "position": [-1.6783877759010974, 3.660075713182325, -0.3048734928429587], "rotation": [[0.8928810697049836, -0.2712744142007435, 0.3594072725509706], [0.42856029749007757, 0.7569139899362476, -0.493373371042668], [-0.13820082046681367, 0.5945514309450726, 0.7920916166602612]], "fy": 3138.473267660822, "fx": 3138.117100002892}, {"id": 2, "img_name": "IMG_5057", "width": 3997, "height": 2997, "position": [-3.1546451218034224, 2.08032574571756, 0.41398322580878943], "rotation": [[0.4371561955047299, -0.5933388130121372, 0.675902000074847], [0.8866973977501944, 0.41011921501060655, -0.21347120251246324], [-0.15053964778377665, 0.6926408033406869, 0.7053981372194744]], "fy": 3138.473267660822, "fx": 3138.117100002892}, {"id": 3, "img_name": "IMG_5058", "width": 3997, "height": 2997, "position": [-4.463980971773833, -0.3268734703763642, 1.0581351808527544], "rotation": [[-0.016844985575033677, -0.57345723867925, 0.8190622942532187], [0.986610557921343, 0.12337408020837806, 0.10666978640117812], [-0.1622216183469797, 0.8098923581187231, 0.5637007315959246]], "fy": 3138.473267660822, "fx": 3138.117100002892}, {"id": 4, "img_name": "IMG_5059", "width": 3997, "height": 2997, "position": [-3.7754603196008967, -2.1990705034749896, 0.893508900984939], "rotation": [[-0.48818713848723855, -0.565924636405018, 0.6643813842406256], [0.8716883508940138, -0.27884011100733713, 0.402998277178812], [-0.04281047455140357, 0.7758720889446044, 0.6294360689263204]], "fy": 3138.473267660822, "fx": 3138.117100002892}, {"id": 5, "img_name": "IMG_5060", "width": 3997, "height": 2997, "position": [-1.5789851729628936, -3.216863962704854, 1.007186407251815], "rotation": [[-0.8832528331572331, -0.23779597796074167, 0.4041256061986359], [0.4649388133777205, -0.5559005558726456, 0.6890620231847061], [0.06079747144937716, 0.796509664000493, 0.6015613207472571]], "fy": 3138.473267660822, "fx": 3138.117100002892}, {"id": 6, "img_name": "IMG_5061", "width": 3997, "height": 2997, "position": [0.10885561966223654, -3.692394596212184, 0.9916464923405447], "rotation": [[-0.9746472078925431, 0.21968315926849286, 0.042451497983974074], [-0.09437835114898588, -0.5756717172179544, 0.812215981638954], [0.20286829959771446, 0.7876175363265757, 0.5818101661961458]], "fy": 3138.473267660822, "fx": 3138.117100002892}, {"id": 7, "img_name": "IMG_5062", "width": 3997, "height": 2997, "position": [2.335087523561656, -3.1117640318922746, 0.9080232394066946], "rotation": [[-0.7307733480716355, 0.5856981422797968, -0.3506108952644887], [-0.6480608187916875, -0.43391338988461153, 0.6258884447135065], [0.21444693724839917, 0.6845997781250293, 0.6966603583497065]], "fy": 3138.473267660822, "fx": 3138.117100002892}, {"id": 8, "img_name": "IMG_5063", "width": 3997, "height": 2997, "position": [3.2887346854564563, -2.8132295127064073, 0.6306231937395234], "rotation": [[-0.5417361028412073, 0.6847896856349307, -0.48742700102316205], [-0.7986026550389174, -0.23842432900006302, 0.552618891014107], [0.26221326099801384, 0.6886341015291666, 0.6760379279063453]], "fy": 3138.473267660822, "fx": 3138.117100002892}, {"id": 9, "img_name": "IMG_5064", "width": 3997, "height": 2997, "position": [3.814502888464298, -0.6192362492284336, -0.22361837243611213], "rotation": [[0.06994696205567325, 0.8436997289309959, -0.5322388466665564], [-0.9652317171607545, 0.1919530213829834, 0.17743102820207385], [0.2518633651130775, 0.5013230545104704, 0.8277922688272755]], "fy": 3138.473267660822, "fx": 3138.117100002892}, {"id": 10, "img_name": "IMG_5065", "width": 3997, "height": 2997, "position": [3.848350759403759, 0.9031075397162734, -0.5216843783613418], "rotation": [[0.3308870826956866, 0.7785490514012906, -0.5332683312060529], [-0.9139637101469772, 0.4050689600653737, 0.02427908824336635], [0.23491290947819432, 0.47935426581361246, 0.8455976660367401]], "fy": 3138.473267660822, "fx": 3138.117100002892}, {"id": 11, "img_name": "IMG_5066", "width": 3997, "height": 2997, "position": [2.6111742763403054, 2.3722826811036493, -0.561600277298873], "rotation": [[0.7419692574473374, 0.5644759786290797, -0.36172985853228845], [-0.6624160912410801, 0.7004284840275662, -0.2657157519375443], [0.10337573732716965, 0.43676859813130803, 0.893614373551856]], "fy": 3138.473267660822, "fx": 3138.117100002892}, {"id": 12, "img_name": "IMG_5068", "width": 3997, "height": 2997, "position": [1.6388326099157893, 2.980014746179661, -0.8914394519671521], "rotation": [[0.9006113101570851, 0.38120488937563984, -0.20876326384985733], [-0.4334767110602911, 0.8227272084100519, -0.3677198410613111], [0.031578615952759286, 0.42166666083283044, 0.9062008707547123]], "fy": 3138.473267660822, "fx": 3138.117100002892}, {"id": 13, "img_name": "IMG_5069", "width": 3997, "height": 2997, "position": [-0.16866379833446402, 4.15081825360719, -0.6831215802055433], "rotation": [[0.992081377734623, 0.12355089865908973, 0.022576877390457856], [-0.09252420007860958, 0.8404983608783856, -0.5338555776242865], [-0.08493416481008013, 0.52753926943999, 0.8452742199113467]], "fy": 3138.473267660822, "fx": 3138.117100002892}, {"id": 14, "img_name": "IMG_5070", "width": 3997, "height": 2997, "position": [0.18909314622391343, 0.658483560784779, -0.5213274441973569], "rotation": [[0.9999918430379344, 0.0003591685150638589, 0.00402304058802337], [-0.000378467214652864, 0.9999884212246176, 0.004797309586015141], [-0.0040212709635797355, -0.004798793043508617, 0.9999804002905074]], "fy": 3138.473267660822, "fx": 3138.117100002892}, {"id": 15, "img_name": "IMG_5071", "width": 3997, "height": 2997, "position": [0.35516432002856196, -0.36725234909297166, -0.35786773246458803], "rotation": [[0.8212774560829778, 0.5705244923659614, 0.0022679815771919406], [-0.560653912697723, 0.8063194619437695, 0.18845719797196442], [0.10569072952064675, -0.1560472008761201, 0.9820787854302329]], "fy": 3138.473267660822, "fx": 3138.117100002892}]