[{"id": 0, "img_name": "001", "width": 1891, "height": 1063, "position": [4.3861074763777115, 0.578298259150232, 0.5354915367298596], "rotation": [[0.9895284204301837, 0.009165922877495703, -0.14404683619833286], [0.009748617379359508, 0.9914587123780811, 0.13005608831880308], [0.1440085748146144, -0.13009845313223847, 0.9809872185061652]], "fy": 1657.4799745816379, "fx": 1656.5975673569146}, {"id": 1, "img_name": "002", "width": 1891, "height": 1063, "position": [4.387715892232128, 0.5784815322747032, 0.5295538036568096], "rotation": [[0.9859249271632962, 0.03018528463114517, -0.16444113411730626], [-0.01016963262931965, 0.9925727939816873, 0.1212263470519985], [0.16687904772689058, -0.11784777146439239, 0.9789092328661745]], "fy": 1657.4799745816379, "fx": 1656.5975673569146}, {"id": 2, "img_name": "003", "width": 1891, "height": 1063, "position": [4.384413843691261, 0.5675916244638859, 0.5080783320276768], "rotation": [[0.9779177517677341, 0.0603923007793574, -0.20007408823762315], [-0.04025585973935147, 0.9938426244297974, 0.10322937383873892], [0.20507641632861207, -0.09289568274719813, 0.9743274888828427]], "fy": 1657.4799745816379, "fx": 1656.5975673569146}, {"id": 3, "img_name": "004", "width": 1891, "height": 1063, "position": [4.369114362107603, 0.5523821651337624, 0.45857762126282436], "rotation": [[0.9646841801991992, 0.09352381402158094, -0.2462472917297891], [-0.07666764360557149, 0.9940640295257839, 0.07719311903875091], [0.2520049699854512, -0.055587781155739945, 0.9661280938306335]], "fy": 1657.4799745816379, "fx": 1656.5975673569146}, {"id": 4, "img_name": "005", "width": 1891, "height": 1063, "position": [4.371611830307522, 0.5376750079855682, 0.3998403365377498], "rotation": [[0.9507985881900828, 0.12067676574494546, -0.28534043335126036], [-0.11093622640317154, 0.9925629123740216, 0.050120042408446794], [0.2892666561620433, -0.015999474645743788, 0.9571148407813402]], "fy": 1657.4799745816379, "fx": 1656.5975673569146}, {"id": 5, "img_name": "006", "width": 1891, "height": 1063, "position": [4.273947470426522, 0.5653813538657695, 0.31122794489908734], "rotation": [[0.942190616291806, 0.13590321367202854, -0.3062795440202983], [-0.1338878314578718, 0.990609720748736, 0.027684467587806957], [0.30716590168697994, 0.014923058390517175, 0.9515389698636088]], "fy": 1657.4799745816379, "fx": 1656.5975673569146}, {"id": 6, "img_name": "007", "width": 1891, "height": 1063, "position": [4.0766590407093934, 0.6477544840287781, 0.14446564851322663], "rotation": [[0.9410152871867309, 0.13792458217350084, -0.30897740841870525], [-0.14150775609675728, 0.9898771513711511, 0.010898631005597563], [0.30735286601125894, 0.033466921364247726, 0.9510069300110617]], "fy": 1657.4799745816379, "fx": 1656.5975673569146}, {"id": 7, "img_name": "008", "width": 1891, "height": 1063, "position": [3.9110775671133564, 0.7628548178153941, -0.05077768456828514], "rotation": [[0.9458819685747121, 0.13219833813384002, -0.2963627859902085], [-0.13847830156750998, 0.9903654475690468, -0.00020063982579891256], [0.2934809389384683, 0.04122959684514067, 0.9550754204898071]], "fy": 1657.4799745816379, "fx": 1656.5975673569146}, {"id": 8, "img_name": "009", "width": 1891, "height": 1063, "position": [3.8395284801060656, 0.8469752587676864, -0.2019735266151004], "rotation": [[0.9518961558602166, 0.12387797007058543, -0.28026408437353045], [-0.13114914072572503, 0.9913360409553779, -0.007263386938699445], [0.27693611419503644, 0.04367038394734394, 0.9598954558807149]], "fy": 1657.4799745816379, "fx": 1656.5975673569146}, {"id": 9, "img_name": "010", "width": 1891, "height": 1063, "position": [3.7660845537286076, 1.0213373287783087, -0.4752346454438096], "rotation": [[0.9580050768720478, 0.1133168242809594, -0.2634114082993747], [-0.12040052363929192, 0.9926660806307511, -0.010852016981520947], [0.26024985416857777, 0.04211115885440679, 0.9646225498635065]], "fy": 1657.4799745816379, "fx": 1656.5975673569146}, {"id": 10, "img_name": "011", "width": 1891, "height": 1063, "position": [3.616730517151432, 1.230560666331966, -0.7732605493057254], "rotation": [[0.9641437945224083, 0.10085448275546455, -0.24546917686760594], [-0.10581469181292727, 0.9943607505588815, -0.007067442572307493], [0.24337213168410948, 0.03278827619905242, 0.9693786331787114]], "fy": 1657.4799745816379, "fx": 1656.5975673569146}, {"id": 11, "img_name": "012", "width": 1891, "height": 1063, "position": [3.350163750930974, 1.4065393028868525, -1.0854632202025174], "rotation": [[0.9727190916992344, 0.08330673852579612, -0.21651225360244877], [-0.08679002829421774, 0.9962046786214359, -0.00661281191705913], [0.21513962822433558, 0.025223513017741003, 0.9762575043289236]], "fy": 1657.4799745816379, "fx": 1656.5975673569146}, {"id": 12, "img_name": "013", "width": 1891, "height": 1063, "position": [3.0988827753730672, 1.5565754459795211, -1.3534743736752322], "rotation": [[0.9796498680908624, 0.06339403651404711, -0.19043983848977522], [-0.06668902773243432, 0.9977138676284534, -0.010936723548469215], [0.18931114475819594, 0.023414407452009026, 0.9816379454737948]], "fy": 1657.4799745816379, "fx": 1656.5975673569146}, {"id": 13, "img_name": "014", "width": 1891, "height": 1063, "position": [2.99665113263074, 1.6466939014647215, -1.5494494151728777], "rotation": [[0.9847674193087124, 0.042392704229992126, -0.16862973787599592], [-0.04694727122793065, 0.9986299356116536, -0.023112884383302675], [0.16741888660575244, 0.03067752154808484, 0.9854084463202842]], "fy": 1657.4799745816379, "fx": 1656.5975673569146}, {"id": 14, "img_name": "015", "width": 1891, "height": 1063, "position": [2.8850689633768165, 1.796121837477177, -1.8508266973134488], "rotation": [[0.9896742470150248, 0.01622749520642996, -0.14241331817835295], [-0.02260324037344265, 0.9988078504189134, -0.0432662855601206], [0.14154143675921857, 0.04603853104601428, 0.9888612012508434]], "fy": 1657.4799745816379, "fx": 1656.5975673569146}, {"id": 15, "img_name": "016", "width": 1891, "height": 1063, "position": [2.6842963968614386, 1.9344864366930645, -2.119764292908371], "rotation": [[0.9939635045845684, -0.013590295587942973, -0.10886622717718782], [0.007510036202948002, 0.998398748267868, -0.056067270429230355], [0.10945387572029204, 0.05491123130094949, 0.9924739824130506]], "fy": 1657.4799745816379, "fx": 1656.5975673569146}, {"id": 16, "img_name": "017", "width": 1891, "height": 1063, "position": [2.2982584624570612, 2.043081721648988, -2.3504547277146406], "rotation": [[0.9975603458697764, -0.048407019172766956, -0.0503002668281128], [0.04512635230431399, 0.9969014909617037, -0.06442848474113932], [0.053263201892853815, 0.06200143396035014, 0.9966538283230449]], "fy": 1657.4799745816379, "fx": 1656.5975673569146}, {"id": 17, "img_name": "018", "width": 1891, "height": 1063, "position": [2.0159250392618753, 2.15533935248188, -2.57041815809641], "rotation": [[0.9968783932454813, -0.07742874568034704, -0.015435621875257717], [0.07635292480109393, 0.9952072245864554, -0.06109673481654625], [0.020092285948251173, 0.05972745996016421, 0.9980124901884148]], "fy": 1657.4799745816379, "fx": 1656.5975673569146}, {"id": 18, "img_name": "019", "width": 1891, "height": 1063, "position": [1.79871774603643, 2.268699933619371, -2.7637552286547504], "rotation": [[0.9952884857918101, -0.09572436184934661, 0.015416763563769061], [0.09639392912923588, 0.9940354856809881, -0.051006505800630375], [-0.010442244838809803, 0.05225227033820872, 0.9985793207188045]], "fy": 1657.4799745816379, "fx": 1656.5975673569146}, {"id": 19, "img_name": "020", "width": 1891, "height": 1063, "position": [1.4799567382911392, 2.3749324624225743, -2.937431833870839], "rotation": [[0.9942292084397154, -0.10187722897716449, 0.0336052272908767], [0.10301896154368106, 0.9940913869788774, -0.03419660651107582], [-0.02992281149555718, 0.037461240640776806, 0.9988499791269234]], "fy": 1657.4799745816379, "fx": 1656.5975673569146}, {"id": 20, "img_name": "021", "width": 1891, "height": 1063, "position": [1.0038340432265505, 2.354337724314298, -2.9575375111838462], "rotation": [[0.9943066780161789, -0.09667458799541806, 0.04481354804461394], [0.09743823009949512, 0.9951258581057112, -0.015176226291466739], [-0.043127965028605185, 0.01945637595463596, 0.9988800869309604]], "fy": 1657.4799745816379, "fx": 1656.5975673569146}, {"id": 21, "img_name": "022", "width": 1891, "height": 1063, "position": [0.6403523536667405, 2.363681902184782, -2.980068378749107], "rotation": [[0.9956461071040608, -0.08293250125976402, 0.04255619394786889], [0.08275595354825258, 0.9965523977151366, 0.00589667368366317], [-0.042898503014077945, -0.0023492217884619306, 0.9990766735321869]], "fy": 1657.4799745816379, "fx": 1656.5975673569146}, {"id": 22, "img_name": "023", "width": 1891, "height": 1063, "position": [0.5666799428100027, 2.467934809092852, -3.089918860554673], "rotation": [[0.9977876041174701, -0.06132368725986763, 0.025676885527114113], [0.060652456437920374, 0.997816288919395, 0.026152114544959124], [-0.02722455872121244, -0.024536889533525647, 0.9993281565404103]], "fy": 1657.4799745816379, "fx": 1656.5975673569146}, {"id": 23, "img_name": "024", "width": 1891, "height": 1063, "position": [0.6126827432552531, 2.6053357211723993, -3.2871816626969506], "rotation": [[0.9991450423063996, -0.04046342580959159, 0.0084791276847701], [0.04012428529629196, 0.99851162546483, 0.036940161627213655], [-0.009961233056440717, -0.03656836041354022, 0.9992815063097389]], "fy": 1657.4799745816379, "fx": 1656.5975673569146}, {"id": 24, "img_name": "025", "width": 1891, "height": 1063, "position": [0.5381668106866124, 2.6744105556373707, -3.432112548435048], "rotation": [[0.9996142489271027, -0.027265014939768704, -0.005288884782139034], [0.027439885820699794, 0.9989595527660245, 0.036426152742929714], [0.004290222377862368, -0.03655722770996834, 0.9993223519436109]], "fy": 1657.4799745816379, "fx": 1656.5975673569146}, {"id": 25, "img_name": "026", "width": 1891, "height": 1063, "position": [0.33258189173335856, 2.602234332083698, -3.4100603032931986], "rotation": [[0.999704166744859, -0.023337134322304606, -0.006852529065249183], [0.023501592838356664, 0.9994114256060174, 0.024989547859218624], [0.0062653114070631115, -0.025143200467935414, 0.9996642262996119]], "fy": 1657.4799745816379, "fx": 1656.5975673569146}, {"id": 26, "img_name": "027", "width": 1891, "height": 1063, "position": [0.032328353404912684, 2.484320355940777, -3.3329876914514176], "rotation": [[0.9997611854475259, -0.02171044305540004, 0.002495743355428471], [0.021683859463014637, 0.9997125764351398, 0.010226179941853016], [-0.0027170409172781514, -0.010169620433091818, 0.9999445967196886]], "fy": 1657.4799745816379, "fx": 1656.5975673569146}, {"id": 27, "img_name": "028", "width": 1891, "height": 1063, "position": [-0.16430865503283063, 2.331392219470985, -3.1305925233480836], "rotation": [[0.9998943886500248, -0.013825123986079785, 0.004480791555386743], [0.01382293374073135, 0.9999043237809973, 0.0005194101136847371], [-0.004487543759413898, -0.00045741757330530053, 0.9999898263083334]], "fy": 1657.4799745816379, "fx": 1656.5975673569146}, {"id": 28, "img_name": "029", "width": 1891, "height": 1063, "position": [-0.2722803718096131, 2.104947957944487, -2.807958777631613], "rotation": [[0.999997709064002, -0.0009842396237564786, 0.001900825902257027], [0.00098440375029924, 0.9999995118269727, -8.541119721571739e-05], [-0.0019007409092404797, 8.728218169097879e-05, 0.99999818978127]], "fy": 1657.4799745816379, "fx": 1656.5975673569146}, {"id": 29, "img_name": "030", "width": 1891, "height": 1063, "position": [-0.30596229993500546, 1.948016643675369, -2.5681986549068645], "rotation": [[0.9999023157709308, 0.012910276391272103, -0.00535571465173928], [-0.012854145428614124, 0.9998634432559446, 0.010385845447835908], [0.005489067428072947, -0.010315987779522489, 0.9999317229365728]], "fy": 1657.4799745816379, "fx": 1656.5975673569146}, {"id": 30, "img_name": "031", "width": 1891, "height": 1063, "position": [-0.41184466820743826, 1.721171215525064, -2.177773793037854], "rotation": [[0.999474210844342, 0.02823028911026305, -0.015948436720594674], [-0.02770910680341739, 0.9991035134258904, 0.03200585665466105], [0.01683767374777934, -0.031547111385875994, 0.9993604317291988]], "fy": 1657.4799745816379, "fx": 1656.5975673569146}, {"id": 31, "img_name": "032", "width": 1891, "height": 1063, "position": [-0.5431353701581102, 1.5007745012329543, -1.8236535369886362], "rotation": [[0.9981783508211779, 0.04951742838377326, -0.03446743736008296], [-0.04756766679610693, 0.9973383699375322, 0.055258419502557846], [0.037111952622947544, -0.0535182224723879, 0.9978769978488872]], "fy": 1657.4799745816379, "fx": 1656.5975673569146}, {"id": 32, "img_name": "033", "width": 1891, "height": 1063, "position": [-0.5625866418914557, 1.343978070863709, -1.5490465012876171], "rotation": [[0.9948809116828367, 0.07643728448618624, -0.06610077994627288], [-0.07130326614120203, 0.9944919311087727, 0.0768221530363547], [0.07160876906304613, -0.07171569214559684, 0.9948512671215498]], "fy": 1657.4799745816379, "fx": 1656.5975673569146}, {"id": 33, "img_name": "034", "width": 1891, "height": 1063, "position": [-0.5524466968724905, 1.2017717126564784, -1.3238599281200112], "rotation": [[0.989840610997445, 0.10574520998596496, -0.09504480725020577], [-0.09653852516237792, 0.9906162680607052, 0.09674565940110245], [0.10438332232534814, -0.08658729709666062, 0.9907606986562482]], "fy": 1657.4799745816379, "fx": 1656.5975673569146}, {"id": 34, "img_name": "035", "width": 1891, "height": 1063, "position": [-0.691741443678598, 1.0301269918348905, -1.0553235296370176], "rotation": [[0.9841357195240678, 0.1304331237917555, -0.1202667276297558], [-0.11577261492975605, 0.9857851808598452, 0.12175499509033845], [0.13443804219480326, -0.105899846152138, 0.9852469920764956]], "fy": 1657.4799745816379, "fx": 1656.5975673569146}, {"id": 35, "img_name": "036", "width": 1891, "height": 1063, "position": [-0.8311383951588588, 0.8834290628158793, -0.7450329652411406], "rotation": [[0.9803465860528717, 0.14383281632363837, -0.13502848648670332], [-0.12190322146839477, 0.9797856830295594, 0.15861784239462892], [0.15511342885162074, -0.13904005278591616, 0.9780632330842332]], "fy": 1657.4799745816379, "fx": 1656.5975673569146}, {"id": 36, "img_name": "037", "width": 1891, "height": 1063, "position": [-0.9155876398437942, 0.7345556722450275, -0.44107514697670824], "rotation": [[0.9785901478510034, 0.1458559275182786, -0.14521491292816327], [-0.11306684466806824, 0.9705194778595582, 0.2128563640862483], [0.17198026388443036, -0.191880148798653, 0.9662322688314897]], "fy": 1657.4799745816379, "fx": 1656.5975673569146}, {"id": 37, "img_name": "038", "width": 1891, "height": 1063, "position": [-0.9817542631643207, 0.6253891759965303, -0.21424466863509206], "rotation": [[0.9956432140175862, 0.037095311445780314, -0.08554839711807427], [-0.011804297632318514, 0.9602223646278828, 0.27898686174414206], [0.09249458869652223, -0.276761536954068, 0.9564767653867411]], "fy": 1657.4799745816379, "fx": 1656.5975673569146}, {"id": 38, "img_name": "039", "width": 1891, "height": 1063, "position": [-1.2809163457419939, 0.4742809308535116, -0.04210563652292772], "rotation": [[0.986746510590338, -0.15552738020983076, 0.04628777206626701], [0.12927021554238147, 0.9258440978237681, 0.35510831854311653], [-0.0980843270426942, -0.3444182639320395, 0.9336784908407292]], "fy": 1657.4799745816379, "fx": 1656.5975673569146}, {"id": 39, "img_name": "040", "width": 1891, "height": 1063, "position": [-1.3470849567852603, 0.4978560138158, -0.06876974548168269], "rotation": [[0.9219566037857415, -0.35800417614214075, 0.14774650791354882], [0.2709069348617452, 0.8687532628567683, 0.4145807531947577], [-0.27677690181746634, -0.3421999096149874, 0.8979386217775795]], "fy": 1657.4799745816379, "fx": 1656.5975673569146}, {"id": 40, "img_name": "041", "width": 1891, "height": 1063, "position": [-1.5121212733326428, 0.4666269419626223, -0.012397944557126485], "rotation": [[0.7711333652707921, -0.5655238532523512, 0.2924655609960878], [0.3874160804368995, 0.7813274904533735, 0.4893221160756414], [-0.5052347113818023, -0.2640267487669511, 0.8216007317124907]], "fy": 1657.4799745816379, "fx": 1656.5975673569146}, {"id": 41, "img_name": "042", "width": 1891, "height": 1063, "position": [-1.888007231938543, 0.33543480199479025, 0.09731937450045708], "rotation": [[0.5468326445662655, -0.729967404826122, 0.4100263975990825], [0.48173471942911206, 0.6748702805217075, 0.559000683868192], [-0.6847669084682897, -0.10815587066807082, 0.7206917431931716]], "fy": 1657.4799745816379, "fx": 1656.5975673569146}, {"id": 42, "img_name": "043", "width": 1891, "height": 1063, "position": [-2.2409722258092226, 0.2718070325691414, 0.13074320354403382], "rotation": [[0.2858744122921885, -0.8170585484084982, 0.5006906718416002], [0.5315883475104117, 0.569946144724622, 0.6265582342485729], [-0.7973014794842319, 0.08704435987551204, 0.5972718227290794]], "fy": 1657.4799745816379, "fx": 1656.5975673569146}, {"id": 43, "img_name": "044", "width": 1891, "height": 1063, "position": [-2.54604747593239, 0.08400116735065369, 0.2853495452042143], "rotation": [[0.027547145685394535, -0.8347928631795717, 0.5498745587395735], [0.5344902467371541, 0.4771464176749379, 0.6976040941987296], [-0.8447255950351239, 0.27468558696157824, 0.4593326652962201]], "fy": 1657.4799745816379, "fx": 1656.5975673569146}, {"id": 44, "img_name": "045", "width": 1891, "height": 1063, "position": [-2.80984441615467, -0.15295748753031907, 0.5755759162283611], "rotation": [[-0.1434303599301636, -0.8172043097941577, 0.5582157718160227], [0.5310155777807307, 0.41242867911988457, 0.7402195895770554], [-0.835134832230401, 0.40259123275759684, 0.3747934248385611]], "fy": 1657.4799745816379, "fx": 1656.5975673569146}, {"id": 45, "img_name": "046", "width": 1891, "height": 1063, "position": [-3.0328672093553104, -0.2873757878079019, 0.7156306726541583], "rotation": [[-0.23459007333627832, -0.7954446956815303, 0.5587801299296506], [0.5216783041976865, 0.38201903173693386, 0.7628323579399355], [-0.8202555970071193, 0.47045636939347846, 0.3253483672551641]], "fy": 1657.4799745816379, "fx": 1656.5975673569146}, {"id": 46, "img_name": "047", "width": 1891, "height": 1063, "position": [-3.150455481672111, -0.47867899944486564, 0.9287861694056069], "rotation": [[-0.3275392208828908, -0.7629579906396647, 0.5573268011701152], [0.4989886525539814, 0.36121332853581833, 0.787740601918193], [-0.8023268557176623, 0.536115692558201, 0.26239584750344236]], "fy": 1657.4799745816379, "fx": 1656.5975673569146}, {"id": 47, "img_name": "048", "width": 1891, "height": 1063, "position": [-3.150277866842761, -0.7022933995976168, 1.2923269801119102], "rotation": [[-0.4249689527263033, -0.7251148337970662, 0.5418577922537989], [0.45684861044388686, 0.34496587386712335, 0.8199316392252352], [-0.7814670411183046, 0.5959924694780502, 0.1846679180888145]], "fy": 1657.4799745816379, "fx": 1656.5975673569146}, {"id": 48, "img_name": "049", "width": 1891, "height": 1063, "position": [-3.2301335802784257, -0.8676589543682108, 1.4805589919866626], "rotation": [[-0.4726257014444508, -0.6997272591314349, 0.5357300711762881], [0.43322216184148943, 0.3449064756021151, 0.832681260493542], [-0.7674265468587385, 0.6256367044188961, 0.14012569093615715]], "fy": 1657.4799745816379, "fx": 1656.5975673569146}, {"id": 49, "img_name": "050", "width": 1891, "height": 1063, "position": [-3.380144977346168, -0.9455980236525028, 1.570877363290916], "rotation": [[-0.4702475477773345, -0.6949217181004896, 0.5440138321050917], [0.4235874435733422, 0.36305649180726624, 0.8299178642513972], [-0.7742357014865713, 0.6207042689307558, 0.12363368907677247]], "fy": 1657.4799745816379, "fx": 1656.5975673569146}, {"id": 50, "img_name": "051", "width": 1891, "height": 1063, "position": [-3.5460161019454493, -1.0854088634038885, 1.7157122616081577], "rotation": [[-0.44665554336078456, -0.6943912581738007, 0.5641981975838706], [0.42336942555646123, 0.3914942374921153, 0.8170009739984762], [-0.7881986774215458, 0.6037822807786539, 0.11912095671481374]], "fy": 1657.4799745816379, "fx": 1656.5975673569146}, {"id": 51, "img_name": "052", "width": 1891, "height": 1063, "position": [-3.56702140939104, -1.2514145688046163, 1.9158325135995955], "rotation": [[-0.42551846209371397, -0.6883748924349852, 0.5874300348828975], [0.4240960628660489, 0.4217436801432859, 0.8014204874600559], [-0.7994226465887213, 0.5901459783175007, 0.11247735948520325]], "fy": 1657.4799745816379, "fx": 1656.5975673569146}, {"id": 52, "img_name": "053", "width": 1891, "height": 1063, "position": [-3.516111074008401, -1.4500255593802618, 2.2259305905701807], "rotation": [[-0.405863014858766, -0.6819984095616203, 0.6084023196250756], [0.42360255939988173, 0.44949788521407674, 0.786455671260588], [-0.809837073021248, 0.5769140495286041, 0.10646170493132662]], "fy": 1657.4799745816379, "fx": 1656.5975673569146}, {"id": 53, "img_name": "054", "width": 1891, "height": 1063, "position": [-3.562905734904112, -1.6165167090994772, 2.441663223555825], "rotation": [[-0.37295786133251835, -0.6765477962882487, 0.634968907118914], [0.4270658344645623, 0.4823760270914803, 0.7648059502387037], [-0.8237215589647758, 0.5564139177132016, 0.1090245177548865]], "fy": 1657.4799745816379, "fx": 1656.5975673569146}, {"id": 54, "img_name": "055", "width": 1891, "height": 1063, "position": [-3.625734891285817, -1.6995587823903187, 2.5158210823621348], "rotation": [[-0.3114951997936017, -0.6727992989741516, 0.6710527876444846], [0.43987969272891553, 0.5238746003952153, 0.7294252936288046], [-0.8423043371788241, 0.5223949716073495, 0.13276632558407894]], "fy": 1657.4799745816379, "fx": 1656.5975673569146}, {"id": 55, "img_name": "056", "width": 1891, "height": 1063, "position": [-3.7287101306762382, -1.8036072277341695, 2.5674149028833373], "rotation": [[-0.22250607686782725, -0.6678550406116281, 0.7102539619646825], [0.46023686584038115, 0.5702773287977501, 0.6804158989770345], [-0.8594609200413428, 0.4782817297252147, 0.18048133956934498]], "fy": 1657.4799745816379, "fx": 1656.5975673569146}, {"id": 56, "img_name": "057", "width": 1891, "height": 1063, "position": [-3.7603074362095263, -1.9001324553187473, 2.675364076877516], "rotation": [[-0.1343560440853506, -0.6538964679915141, 0.744558837544729], [0.47205698099072857, 0.6184020307935403, 0.6282842788167979], [-0.871269567995838, 0.43588798728417333, 0.2255903420488075]], "fy": 1657.4799745816379, "fx": 1656.5975673569146}, {"id": 57, "img_name": "058", "width": 1891, "height": 1063, "position": [-3.618483166133343, -1.982268870275715, 2.777669758087723], "rotation": [[-0.06006413731836391, -0.6292812115260856, 0.7748531836602742], [0.48126291687181333, 0.661818775106219, 0.5747885817941568], [-0.8745160400199843, 0.40743228362166634, 0.2630981376038212]], "fy": 1657.4799745816379, "fx": 1656.5975673569146}, {"id": 58, "img_name": "059", "width": 1891, "height": 1063, "position": [-3.4225616283841998, -2.078400380834317, 2.9048525157244787], "rotation": [[-0.009230141553020115, -0.6023255069298511, 0.798197211338532], [0.48537089070969586, 0.6951923833844663, 0.5302100041831553], [-0.8742596313101663, 0.3923156048208164, 0.28593454369049087]], "fy": 1657.4799745816379, "fx": 1656.5975673569146}, {"id": 59, "img_name": "060", "width": 1891, "height": 1063, "position": [-3.228696616244365, -2.1179550617691003, 2.955803905688865], "rotation": [[0.028575841474722568, -0.574468355642284, 0.8180278293858112], [0.4901354894827068, 0.7212826282929065, 0.48940634657963333], [-0.871177721956639, 0.38695927238990807, 0.30217858672962583]], "fy": 1657.4799745816379, "fx": 1656.5975673569146}, {"id": 60, "img_name": "061", "width": 1891, "height": 1063, "position": [-2.9457351895272272, -2.0984073910785277, 2.9503949534524305], "rotation": [[0.05562955628772234, -0.5470577337120125, 0.8352443884595139], [0.4938701398482842, 0.7421132847536446, 0.4531668098596722], [-0.8677543646870738, 0.38729279437917874, 0.3114589121995066]], "fy": 1657.4799745816379, "fx": 1656.5975673569146}, {"id": 61, "img_name": "062", "width": 1891, "height": 1063, "position": [-2.7679587551540505, -2.08700201135783, 2.9060790838141624], "rotation": [[0.07093334673409846, -0.5159818040266811, 0.8536575649723205], [0.49814540158296605, 0.7597751093147372, 0.41784320282556314], [-0.8641872593384177, 0.39560657373096164, 0.31092735424533424]], "fy": 1657.4799745816379, "fx": 1656.5975673569146}, {"id": 62, "img_name": "063", "width": 1891, "height": 1063, "position": [-2.5143639473564585, -2.1518497154872156, 2.9356584481092614], "rotation": [[0.07375598387778455, -0.4749037711397015, 0.8769415391002469], [0.5032934232226335, 0.7768684310154396, 0.3783796651941702], [-0.8609621274963625, 0.4134511446941455, 0.296314640151373]], "fy": 1657.4799745816379, "fx": 1656.5975673569146}, {"id": 63, "img_name": "064", "width": 1891, "height": 1063, "position": [-2.314949177769332, -2.2877033634595025, 2.9864165255098554], "rotation": [[0.06922869887202379, -0.4301888309964361, 0.9000805280298014], [0.5094290441125561, 0.7909825232886321, 0.33886383233758643], [-0.8577234031242554, 0.4350680608110277, 0.2739093758801946]], "fy": 1657.4799745816379, "fx": 1656.5975673569146}, {"id": 64, "img_name": "065", "width": 1891, "height": 1063, "position": [-2.1969104051967068, -2.3946100224595455, 2.9559551675115103], "rotation": [[0.06408339268361997, -0.39028719721703825, 0.918460245449211], [0.5150385490849573, 0.8012426163205625, 0.3045415616106308], [-0.8547681625672651, 0.4535263757271986, 0.2523592969976198]], "fy": 1657.4799745816379, "fx": 1656.5975673569146}, {"id": 65, "img_name": "066", "width": 1891, "height": 1063, "position": [-2.0109665650512536, -2.5062213829071736, 2.9728139673442406], "rotation": [[0.056330839183875124, -0.3652764473192513, 0.929193173452467], [0.5204879049624749, 0.8049448116870115, 0.2848792567491277], [-0.852008906845823, 0.46758632055695104, 0.23546518953636852]], "fy": 1657.4799745816379, "fx": 1656.5975673569146}, {"id": 66, "img_name": "067", "width": 1891, "height": 1063, "position": [-1.5735687886444065, -2.564961952296236, 3.066893450892472], "rotation": [[0.02798257935512585, -0.36319393183728305, 0.9312932637623922], [0.5302042506661138, 0.7951966011918253, 0.2941867060704032], [-0.8474080645286654, 0.48554354421570056, 0.21481861847204287]], "fy": 1657.4799745816379, "fx": 1656.5975673569146}, {"id": 67, "img_name": "068", "width": 1891, "height": 1063, "position": [-1.023475630740972, -2.6145383911818203, 3.21898496620358], "rotation": [[-0.03375975617996304, -0.37946917975703476, 0.9245882437480981], [0.5440953057228483, 0.7690291493585174, 0.33549137951261193], [-0.8383439491956921, 0.514390230322698, 0.18050516279467438]], "fy": 1657.4799745816379, "fx": 1656.5975673569146}, {"id": 68, "img_name": "069", "width": 1891, "height": 1063, "position": [-0.6375697171915472, -2.7002151342658864, 3.4482166216580343], "rotation": [[-0.12138661620492681, -0.4078152758647387, 0.9049596621826216], [0.5562435892355474, 0.7271512752736776, 0.40229851143425804], [-0.8221060508478654, 0.5522116656131337, 0.13857820001751833]], "fy": 1657.4799745816379, "fx": 1656.5975673569146}, {"id": 69, "img_name": "070", "width": 1891, "height": 1063, "position": [-0.37799677037592866, -2.7092252385155535, 3.536825650254807], "rotation": [[-0.208917964861103, -0.4434655781716603, 0.8716028711145747], [0.5660202928520521, 0.6719747202437497, 0.47756779982847625], [-0.7974799759479682, 0.5931174051823208, 0.11062292543509464]], "fy": 1657.4799745816379, "fx": 1656.5975673569146}, {"id": 70, "img_name": "071", "width": 1891, "height": 1063, "position": [-0.05609762640597219, -2.579450103554992, 3.441213402519483], "rotation": [[-0.2983265509738021, -0.4848089890659731, 0.8221687862628355], [0.5668742528278788, 0.603014822115207, 0.5612723989207016], [-0.7678898687083388, 0.6335087753379539, 0.09493040137330237]], "fy": 1657.4799745816379, "fx": 1656.5975673569146}, {"id": 71, "img_name": "072", "width": 1891, "height": 1063, "position": [0.21881992564639832, -2.431501055461176, 3.4129055537432786], "rotation": [[-0.3918641972054924, -0.5284028978598289, 0.7531486098253314], [0.5573313730689178, 0.5149820083062764, 0.6512873956357121], [-0.7320001308344205, 0.6749695612797433, 0.09269250133760265]], "fy": 1657.4799745816379, "fx": 1656.5975673569146}, {"id": 72, "img_name": "073", "width": 1891, "height": 1063, "position": [0.4939144122984857, -2.356972705192918, 3.4158209187395134], "rotation": [[-0.4905803226055429, -0.5505784387130788, 0.6754215941887777], [0.5308492636180151, 0.42584372716787916, 0.7327047013278815], [-0.6910354595738577, 0.7179975646588486, 0.08336360570122947]], "fy": 1657.4799745816379, "fx": 1656.5975673569146}, {"id": 73, "img_name": "074", "width": 1891, "height": 1063, "position": [0.5725010156836122, -2.2617635669675678, 3.4335524904239816], "rotation": [[-0.5859236489105664, -0.5560652542697747, 0.5894785073615645], [0.4859946476071285, 0.3409680577206524, 0.8047049062304943], [-0.648461780018337, 0.757979034411966, 0.07046348875377433]], "fy": 1657.4799745816379, "fx": 1656.5975673569146}, {"id": 74, "img_name": "075", "width": 1891, "height": 1063, "position": [0.46868729709456974, -2.1823205330261763, 3.3674160351969995], "rotation": [[-0.6661904072017133, -0.540626051584199, 0.5137254263718063], [0.43680348644116074, 0.27547470328271784, 0.8563389528009019], [-0.6044775062690602, 0.7948818529817984, 0.052628739439212285]], "fy": 1657.4799745816379, "fx": 1656.5975673569146}, {"id": 75, "img_name": "076", "width": 1891, "height": 1063, "position": [0.1848697965319293, -2.078202993862561, 3.2209529392170766], "rotation": [[-0.7291562454673025, -0.5184029425696963, 0.446754472648128], [0.3854653048000515, 0.2282961518271782, 0.8940343202899458], [-0.5654623493137543, 0.8240990572716258, 0.03336278334593291]], "fy": 1657.4799745816379, "fx": 1656.5975673569146}, {"id": 76, "img_name": "077", "width": 1891, "height": 1063, "position": [-0.1643360818143612, -1.962867065056587, 3.0699675958849144], "rotation": [[-0.7857868942759437, -0.48547469928032855, 0.3832143957927999], [0.32926518558317447, 0.1961389893931692, 0.9236416699146395], [-0.5235679462563039, 0.8519646783749316, 0.005726469632792892]], "fy": 1657.4799745816379, "fx": 1656.5975673569146}, {"id": 77, "img_name": "078", "width": 1891, "height": 1063, "position": [-0.42565257294965597, -1.8012343353890645, 2.8814271531310447], "rotation": [[-0.8296349048804919, -0.45065397219536635, 0.3295708147704761], [0.2812908812136861, 0.1725105134384213, 0.9439891752023645], [-0.48226690198474687, 0.8758716344863272, -0.016355890446086974]], "fy": 1657.4799745816379, "fx": 1656.5975673569146}, {"id": 78, "img_name": "079", "width": 1891, "height": 1063, "position": [-0.6992561834859361, -1.5973566145991451, 2.598742238088656], "rotation": [[-0.8584608409766181, -0.42709650947259553, 0.2839604833529521], [0.24054115933658687, 0.15371207997076808, 0.9583906025916944], [-0.45297343760393705, 0.8910449865564504, -0.029221511902822808]], "fy": 1657.4799745816379, "fx": 1656.5975673569146}, {"id": 79, "img_name": "080", "width": 1891, "height": 1063, "position": [-1.0672914446032618, -1.4375324015680122, 2.2964199366232423], "rotation": [[-0.8651805585671928, -0.42998540109516636, 0.258021619098844], [0.21594644599766796, 0.14491384445271918, 0.9655915855820769], [-0.4525811899961556, 0.8911299189966421, -0.0325228216903399]], "fy": 1657.4799745816379, "fx": 1656.5975673569146}, {"id": 80, "img_name": "081", "width": 1891, "height": 1063, "position": [-1.4741008630618049, -1.3126312100245145, 1.9866997555022523], "rotation": [[-0.842117198335516, -0.46762382911142797, 0.2686383790799565], [0.2215773939593012, 0.15412775505541676, 0.9628852961842246], [-0.4916727394860783, 0.8703864598951105, -0.026178763865230086]], "fy": 1657.4799745816379, "fx": 1656.5975673569146}, {"id": 81, "img_name": "082", "width": 1891, "height": 1063, "position": [-1.5958076414075182, -1.1943520919916457, 1.596681725831485], "rotation": [[-0.7863625923173463, -0.5348777714577667, 0.30909487702696653], [0.24831012486104867, 0.184477085468173, 0.950952305233369], [-0.5656641718329285, 0.8245447074219451, -0.012250312935823437]], "fy": 1657.4799745816379, "fx": 1656.5975673569146}, {"id": 82, "img_name": "083", "width": 1891, "height": 1063, "position": [-1.6571774534816222, -1.1079886066941655, 1.266333530245114], "rotation": [[-0.6749403466686467, -0.6321388803572806, 0.380599480266921], [0.3128226825343143, 0.22201840338129722, 0.9234986723607429], [-0.6682795056941686, 0.7423666644594591, 0.04789820214261052]], "fy": 1657.4799745816379, "fx": 1656.5975673569146}, {"id": 83, "img_name": "084", "width": 1891, "height": 1063, "position": [-1.8277880595635294, -1.0917827775399795, 0.9945626363126677], "rotation": [[-0.5048110204317573, -0.7311805659124622, 0.45884726618187355], [0.38426797817161584, 0.28563456062784925, 0.8779242670793616], [-0.7729837997025206, 0.619506156391417, 0.13677780372043874]], "fy": 1657.4799745816379, "fx": 1656.5975673569146}, {"id": 84, "img_name": "085", "width": 1891, "height": 1063, "position": [-1.9691529064831004, -1.0581450724999215, 0.777601665120858], "rotation": [[-0.2920026763031391, -0.7903505604727322, 0.5385911516096803], [0.45618279738860984, 0.37985591614469744, 0.8047401682136754], [-0.840613878304722, 0.48068230103708887, 0.24962538547027452]], "fy": 1657.4799745816379, "fx": 1656.5975673569146}, {"id": 85, "img_name": "086", "width": 1891, "height": 1063, "position": [-1.7869518281308066, -0.9339287159367936, 0.557905843819117], "rotation": [[-0.08203497087485845, -0.7987943906475519, 0.5959847187836005], [0.49152399906777877, 0.48778730782592467, 0.7214344742693924], [-0.8669915927469997, 0.35212364844460925, 0.35261099573336885]], "fy": 1657.4799745816379, "fx": 1656.5975673569146}, {"id": 86, "img_name": "087", "width": 1891, "height": 1063, "position": [-1.6040153110509707, -0.9096921210540738, 0.324185094685429], "rotation": [[0.10903963011664539, -0.7648996206619605, 0.6348534707908695], [0.5038457460722042, 0.5930699727159768, 0.6280186873235656], [-0.856883786303002, 0.2513892952650513, 0.4500595505010107]], "fy": 1657.4799745816379, "fx": 1656.5975673569146}, {"id": 87, "img_name": "088", "width": 1891, "height": 1063, "position": [-1.421831087560523, -0.6951405009002557, -0.012399829088118264], "rotation": [[0.25287864773981295, -0.7166779841184177, 0.6499423486719761], [0.4902288235455548, 0.6740695303732098, 0.5525449925459297], [-0.8341031651315228, 0.17889364243147815, 0.5217939963387598]], "fy": 1657.4799745816379, "fx": 1656.5975673569146}, {"id": 88, "img_name": "089", "width": 1891, "height": 1063, "position": [-1.2265570610713572, -0.48341273937893753, -0.3158319832419626], "rotation": [[0.36529214060568127, -0.6672715609363996, 0.6490842133169008], [0.47815850724328335, 0.7327534450273656, 0.4841867725902911], [-0.7987027569519176, 0.13349551590232658, 0.5867306479734784]], "fy": 1657.4799745816379, "fx": 1656.5975673569146}, {"id": 89, "img_name": "090", "width": 1891, "height": 1063, "position": [-0.9330054207115521, -0.30477806628284754, -0.4891434070618297], "rotation": [[0.4612253040497799, -0.6212971626518421, 0.6334516986992444], [0.4666559040380102, 0.777065336845146, 0.42237628898910373], [-0.7546545475452029, 0.10079334280849205, 0.6483341853664933]], "fy": 1657.4799745816379, "fx": 1656.5975673569146}, {"id": 90, "img_name": "091", "width": 1891, "height": 1063, "position": [-0.6731557682955999, -0.22432848592167398, -0.5974405861583514], "rotation": [[0.5517091030366528, -0.5760268243798636, 0.6031667789437194], [0.4533230421984594, 0.8141435258514425, 0.36286159720493355], [-0.7000823416130603, 0.07323535286343147, 0.7102966268063948]], "fy": 1657.4799745816379, "fx": 1656.5975673569146}, {"id": 91, "img_name": "092", "width": 1891, "height": 1063, "position": [-0.3073458166225657, -0.05103718469507035, -0.7880031952839438], "rotation": [[0.6410528708327883, -0.5263385472425525, 0.5585865648971873], [0.43096645356823365, 0.8490885109868698, 0.3054776856153647], [-0.6350741159076316, 0.04490472354551734, 0.7711448846406496]], "fy": 1657.4799745816379, "fx": 1656.5975673569146}, {"id": 92, "img_name": "093", "width": 1891, "height": 1063, "position": [0.1040849129768698, 0.15902316806143443, -1.1333760482746136], "rotation": [[0.7360893717490588, -0.46025610357762164, 0.49632323733391914], [0.38920043336781485, 0.8877036292609964, 0.24597822924633064], [-0.553800920425726, 0.012107258831000653, 0.8325610817346784]], "fy": 1657.4799745816379, "fx": 1656.5975673569146}, {"id": 93, "img_name": "094", "width": 1891, "height": 1063, "position": [0.39142464552249767, 0.2057506861253951, -1.281684852996856], "rotation": [[0.8317148830823593, -0.37498811105707935, 0.4094316424327029], [0.3270156564995604, 0.9268222209656479, 0.1845571215869636], [-0.4486770705791179, -0.019608347460894616, 0.8934788184654373]], "fy": 1657.4799745816379, "fx": 1656.5975673569146}, {"id": 94, "img_name": "095", "width": 1891, "height": 1063, "position": [0.7467528787497237, 0.34525947277119906, -1.5505513775325668], "rotation": [[0.9227924938952327, -0.26943502390453516, 0.2754247285633225], [0.24421157689635867, 0.9619173166683495, 0.12278347447175567], [-0.298017984223119, -0.046041761338212486, 0.9534492316282309]], "fy": 1657.4799745816379, "fx": 1656.5975673569146}, {"id": 95, "img_name": "096", "width": 1891, "height": 1063, "position": [0.9160172985459507, 0.6053806760926221, -1.825334882082638], "rotation": [[0.9796606907870182, -0.15179908479097096, 0.1312324989601501], [0.14345615745848062, 0.9871136219874396, 0.07090153858757833], [-0.1403041760388828, -0.05063334023607223, 0.9888129262113172]], "fy": 1657.4799745816379, "fx": 1656.5975673569146}, {"id": 96, "img_name": "097", "width": 1891, "height": 1063, "position": [1.133454868472517, 0.8662207180977043, -2.0876512475288997], "rotation": [[0.9991996829082971, -0.03663508041069566, -0.016058161764665235], [0.03727535706799844, 0.9984398625364292, 0.04157389389616187], [0.014510045879028483, -0.0421391953119417, 0.9990063797529275]], "fy": 1657.4799745816379, "fx": 1656.5975673569146}, {"id": 97, "img_name": "098", "width": 1891, "height": 1063, "position": [1.3779194255207587, 1.1082359382179097, -2.3904849488571043], "rotation": [[0.9882038344929185, 0.05120726377725256, -0.144329475956712], [-0.04705368605501977, 0.9983780992010953, 0.03204873888694309], [0.1457365160902643, -0.024879452808586822, 0.9890105564177853]], "fy": 1657.4799745816379, "fx": 1656.5975673569146}, {"id": 98, "img_name": "099", "width": 1891, "height": 1063, "position": [1.3854416209176343, 1.3430730961292923, -2.5811267476125326], "rotation": [[0.9632564836504186, 0.11814261035672591, -0.24120379417316282], [-0.11208161605973284, 0.9929433483486773, 0.03874555860425933], [0.24407920445394218, -0.010287399487542809, 0.9697007328887166]], "fy": 1657.4799745816379, "fx": 1656.5975673569146}, {"id": 99, "img_name": "100", "width": 1891, "height": 1063, "position": [1.5222251907823, 1.437624828025569, -2.6494827612541076], "rotation": [[0.9301550169691928, 0.1773488039193483, -0.3214950173104043], [-0.16818580955702292, 0.9841465759376852, 0.0562943206174374], [0.32638195089601607, 0.0017084550057177642, 0.9452364272026359]], "fy": 1657.4799745816379, "fx": 1656.5975673569146}, {"id": 100, "img_name": "101", "width": 1891, "height": 1063, "position": [1.890153405093135, 1.5574573460830108, -2.6578379268263013], "rotation": [[0.9003980157416196, 0.21973280297164274, -0.37550087689215783], [-0.2075972298844829, 0.9754839304245334, 0.07303760420354218], [0.38234382876259865, 0.012190027962615058, 0.923939716553752]], "fy": 1657.4799745816379, "fx": 1656.5975673569146}, {"id": 1