[{"id": 0, "img_name": "IMG_5183", "width": 4007, "height": 2998, "position": [3.3207693822877817, -0.6008262144851022, -0.17767871876087543], "rotation": [[-0.005360483155764562, 0.7035687922730864, -0.7106069375961139], [-0.6187171544793707, 0.5559321410658973, 0.5550932689943535], [0.7855955371393649, 0.44264027050109006, 0.43233001625775963]], "fy": 3121.8438228404225, "fx": 3118.4503479207447}, {"id": 1, "img_name": "IMG_5184", "width": 4007, "height": 2998, "position": [3.340635197983324, -0.2954655419252581, -0.6273092776099117], "rotation": [[0.106890105733384, 0.6826517842798967, -0.7228838404029927], [-0.638915825168083, 0.6042277403568468, 0.47612541008965953], [0.7618143301658835, 0.41096882996491624, 0.5007429951094416]], "fy": 3121.8438228404225, "fx": 3118.4503479207447}, {"id": 2, "img_name": "IMG_5185", "width": 4007, "height": 2998, "position": [3.3367553218817854, 0.0604633464333202, -1.1682479074640635], "rotation": [[0.30239647779525314, 0.6397616425754601, -0.7065843268189397], [-0.6138241994244457, 0.697825561420183, 0.3691332253124132], [0.7292298831081757, 0.32209397156382125, 0.6037211699653086]], "fy": 3121.8438228404225, "fx": 3118.4503479207447}, {"id": 3, "img_name": "IMG_5186", "width": 4007, "height": 2998, "position": [2.817461440017335, 0.8759722551193508, -2.0025508225351123], "rotation": [[0.5552356317551104, 0.5644574575872763, -0.6108200813689834], [-0.5681072976965023, 0.793793099059951, 0.21713271100591103], [0.6074269433713662, 0.226451527835224, 0.7614146137339445]], "fy": 3121.8438228404225, "fx": 3118.4503479207447}, {"id": 4, "img_name": "IMG_5187", "width": 4007, "height": 2998, "position": [2.3846980359226144, 1.3849062790234679, -2.3997735536565328], "rotation": [[0.7167919728084482, 0.47086891721327173, -0.5142875951447534], [-0.46134882706371944, 0.8732961765643138, 0.15656004523849934], [0.522844649474682, 0.12504499510396916, 0.8432065119027159]], "fy": 3121.8438228404225, "fx": 3118.4503479207447}, {"id": 5, "img_name": "IMG_5188", "width": 4007, "height": 2998, "position": [1.5212701694994997, 2.0300948439980493, -3.0349502254212606], "rotation": [[0.8910056731335313, 0.3215329714979969, -0.3205080945678767], [-0.3367690934004927, 0.9415502395598565, 0.008350096705248], [0.30445930462719156, 0.10049723689955364, 0.9472089722978145]], "fy": 3121.8438228404225, "fx": 3118.4503479207447}, {"id": 6, "img_name": "IMG_5189", "width": 4007, "height": 2998, "position": [0.70432440999986, 2.241565790883638, -3.3472724350027097], "rotation": [[0.9778298781191815, 0.1391069525839429, -0.1565183222508959], [-0.14603281244956548, 0.988708999301916, -0.03359958909679993], [0.1500771373177696, 0.05571149290956419, 0.987103379799852]], "fy": 3121.8438228404225, "fx": 3118.4503479207447}, {"id": 7, "img_name": "IMG_5190", "width": 4007, "height": 2998, "position": [-0.19135846560252134, 2.358553565468182, -3.309425228774909], "rotation": [[0.99967559095428, 0.025415655549002505, 0.0016605129403778512], [-0.02539199158388442, 0.9995932263330239, -0.012985708780793014], [-0.001989877788872325, 0.012939332368792432, 0.9999143033601606]], "fy": 3121.8438228404225, "fx": 3118.4503479207447}, {"id": 8, "img_name": "IMG_5191", "width": 4007, "height": 2998, "position": [-0.9394288632477708, 2.3976687439958013, -3.083730011748656], "rotation": [[0.9919246286416017, -0.0620787829593449, 0.11059726850382462], [0.06432259513546268, 0.997787168053349, -0.01683362774678547], [-0.10930752421155593, 0.02381159327648071, 0.9937227345574698]], "fy": 3121.8438228404225, "fx": 3118.4503479207447}, {"id": 9, "img_name": "IMG_5192", "width": 4007, "height": 2998, "position": [-2.39677414797244, 2.02824487944841, -2.6991045903893522], "rotation": [[0.853937518211845, -0.2630873561630512, 0.4489718900079721], [0.2702183242946991, 0.9615267053449419, 0.0494818363024837], [-0.4447165076827705, 0.07906603528467053, 0.8921747529821743]], "fy": 3121.8438228404225, "fx": 3118.4503479207447}, {"id": 10, "img_name": "IMG_5193", "width": 4007, "height": 2998, "position": [-2.9810030821111666, 1.2753194007610182, -1.8063280514514983], "rotation": [[0.6042260599525326, -0.46073750571082295, 0.6501013915579692], [0.42965183762063786, 0.875496345907344, 0.2211457590190169], [-0.67105153818723, 0.14569522687534248, 0.7269544235798383]], "fy": 3121.8438228404225, "fx": 3118.4503479207447}, {"id": 11, "img_name": "IMG_5194", "width": 4007, "height": 2998, "position": [-3.6478011945310524, 0.6264535991201244, -1.0285058515638708], "rotation": [[0.3217678015253296, -0.571478618817128, 0.7549024242486067], [0.49567852774937027, 0.7809876094411244, 0.37994887949256306], [-0.8067021005487542, 0.25193360659964564, 0.5345663465239112]], "fy": 3121.8438228404225, "fx": 3118.4503479207447}, {"id": 12, "img_name": "IMG_5195", "width": 4007, "height": 2998, "position": [-3.7457711620951724, -0.12835183520911383, 0.18795752013190895], "rotation": [[-0.01668843020497882, -0.6072214843461597, 0.7943573284396259], [0.5196733524153581, 0.6734630541018796, 0.525725328997141], [-0.8542020270911773, 0.4215798663458864, 0.30431778325478764]], "fy": 3121.8438228404225, "fx": 3118.4503479207447}, {"id": 13, "img_name": "IMG_5196", "width": 4007, "height": 2998, "position": [-3.380314298271344, -0.9639161804659523, 1.157790600756537], "rotation": [[-0.3165494319012431, -0.5967819441320332, 0.7373247373586427], [0.4953092506645156, 0.5589254673296137, 0.6650346368246763], [-0.8089902368812348, 0.5757200996390206, 0.11866407839982404]], "fy": 3121.8438228404225, "fx": 3118.4503479207447}, {"id": 14, "img_name": "IMG_5197", "width": 4007, "height": 2998, "position": [-2.7956236113560964, -1.3759026877516447, 1.7924243238351125], "rotation": [[-0.594747422469445, -0.5355651313301517, 0.5995377332322538], [0.3923817556546303, 0.4575163109771846, 0.7979444736441366], [-0.7016495288214348, 0.7098230873204574, -0.06196066019268206]], "fy": 3121.8438228404225, "fx": 3118.4503479207447}, {"id": 15, "img_name": "IMG_5198", "width": 4007, "height": 2998, "position": [-2.2521307344221295, -1.906048823205591, 2.604181651190709], "rotation": [[-0.7685918858410624, -0.4362065863651345, 0.4679640232228922], [0.29674646467131643, 0.40494634787707406, 0.8648468020673342], [-0.5667521934005675, 0.8035809040493036, -0.18179571480909423]], "fy": 3121.8438228404225, "fx": 3118.4503479207447}, {"id": 16, "img_name": "IMG_5199", "width": 4007, "height": 2998, "position": [-1.3335059750496445, -2.1345532514649346, 3.118473623102771], "rotation": [[-0.8922352443433161, -0.32836864811824124, 0.3099843539351979], [0.18275426774106415, 0.365151597064206, 0.9128336041053087], [-0.41293721844131553, 0.8711132774183039, -0.26579035259296163]], "fy": 3121.8438228404225, "fx": 3118.4503479207447}, {"id": 17, "img_name": "IMG_5200", "width": 4007, "height": 2998, "position": [-0.1951560136601886, -2.299633962443475, 2.8254174609517264], "rotation": [[-0.9961900541150063, -0.08011210425703925, 0.03445906025778562], [0.011495243668282763, 0.27105997585331704, 0.9624938175715237], [-0.086447877101449, 0.9592228835061787, -0.2691063438545146]], "fy": 3121.8438228404225, "fx": 3118.4503479207447}, {"id": 18, "img_name": "IMG_5201", "width": 4007, "height": 2998, "position": [0.9238284371788312, -2.1511305263141263, 2.7636302676849955], "rotation": [[-0.9527178875678763, 0.1511135973476374, -0.2636158329935045], [-0.22197694159523249, 0.24631244114779846, 0.9434280146019828], [0.20749666047488546, 0.9573373815079343, -0.20112253443933545]], "fy": 3121.8438228404225, "fx": 3118.4503479207447}, {"id": 19, "img_name": "IMG_5202", "width": 4007, "height": 2998, "position": [2.138086123611782, -2.219442656118907, 2.5618458390981433], "rotation": [[-0.8317537725104591, 0.3398629072290854, -0.4389520089991763], [-0.34992134773825745, 0.29288003960531706, 0.8898181459140002], [0.430976463756039, 0.8937082782936395, -0.12467879129089111]], "fy": 3121.8438228404225, "fx": 3118.4503479207447}, {"id": 20, "img_name": "IMG_5203", "width": 4007, "height": 2998, "position": [2.7529420382407563, -1.7847314903684957, 1.9148614209955266], "rotation": [[-0.6633750103278421, 0.4948601688184921, -0.5612904853901128], [-0.4452254702626054, 0.3418521843163311, 0.8275937195916816], [0.6014215462568472, 0.7989058125931283, -0.006451844924995885]], "fy": 3121.8438228404225, "fx": 3118.4503479207447}, {"id": 21, "img_name": "IMG_5204", "width": 4007, "height": 2998, "position": [3.725281733191889, -0.764867763757518, 0.8207875424052538], "rotation": [[-0.33604736842155314, 0.5841852094200841, -0.7387826522542075], [-0.5671772876265634, 0.5007032102003999, 0.6539160647174748], [0.7519189388341827, 0.6387675135679856, 0.16307658640237105]], "fy": 3121.8438228404225, "fx": 3118.4503479207447}, {"id": 22, "img_name": "IMG_5205", "width": 4007, "height": 2998, "position": [2.880782356568172, -1.829358330062118, -0.03846212938139292], "rotation": [[-0.25980430678542593, 0.7349195630824337, -0.6264143660345517], [-0.514506711804195, 0.4435984907737441, 0.7338277880345576], [0.8171808647320246, 0.5129460154655473, 0.2628722494555847]], "fy": 3121.8438228404225, "fx": 3118.4503479207447}, {"id": 23, "img_name": "IMG_5206", "width": 4007, "height": 2998, "position": [2.044104996130701, -2.5466163480884196, 0.8046843005084047], "rotation": [[-0.7608773231608391, 0.4784850947597126, -0.43831234661184804], [-0.4264371618185656, 0.14041860575227263, 0.8935513203944777], [0.4890981968068605, 0.8667956098477752, 0.0972024929150528]], "fy": 3121.8438228404225, "fx": 3118.4503479207447}, {"id": 24, "img_name": "IMG_5207", "width": 4007, "height": 2998, "position": [-0.08074000676723948, -2.9642686685026476, 1.4894205911685257], "rotation": [[-0.9839895484080884, -0.17750569010941544, 0.016009328606326784], [0.02096698121354077, -0.02608891845828525, 0.9994397200594277], [-0.17698857116332742, 0.9837739060945133, 0.02939298156204475]], "fy": 3121.8438228404225, "fx": 3118.4503479207447}, {"id": 25, "img_name": "IMG_5208", "width": 4007, "height": 2998, "position": [-1.7747256743947175, -2.768623790083845, 1.1204132189120684], "rotation": [[-0.6849116132759826, -0.6366798528752341, 0.3543089710160619], [0.3269632712345547, 0.1659989274928967, 0.9303436866743422], [-0.6511459907450013, 0.7530492155324098, 0.09447633419397916]], "fy": 3121.8438228404225, "fx": 3118.4503479207447}, {"id": 26, "img_name": "IMG_5209", "width": 4007, "height": 2998, "position": [-2.577818725565834, -1.663826892444591, -0.2932661975674551], "rotation": [[-0.08681596493699326, -0.8316107777851037, 0.5485312229068768], [0.48500677803610204, 0.4456695676190526, 0.7524274461749025], [-0.8701904466788278, 0.3313640758590189, 0.3646456303577495]], "fy": 3121.8438228404225, "fx": 3118.4503479207447}, {"id": 27, "img_name": "IMG_5210", "width": 4007, "height": 2998, "position": [-2.0650129877586294, -0.6475193154693273, -2.077892909929485], "rotation": [[0.6403903205755695, -0.6325031235866578, 0.43570636438574123], [0.3691006869286358, 0.750927527079974, 0.547606183294495], [-0.6735465241703268, -0.18986218087517004, 0.7143440571961075]], "fy": 3121.8438228404225, "fx": 3118.4503479207447}, {"id": 28, "img_name": "IMG_5211", "width": 4007, "height": 2998, "position": [-0.21333947822479835, 0.047135326541451, -2.8723961836246557], "rotation": [[0.9955456226421576, 0.09352417999928431, -0.011922289775884535], [-0.08243975319602653, 0.9248769664114842, 0.37122268801148], [0.04574494869400255, -0.36858625144862883, 0.9284673257105128]], "fy": 3121.8438228404225, "fx": 3118.4503479207447}, {"id": 29, "img_name": "IMG_5212", "width": 4007, "height": 2998, "position": [1.342277917276052, -0.5903307473205224, -1.986612287591049], "rotation": [[0.5936408006844686, 0.7312134212556615, -0.3360320406423967], [-0.5347654669070384, 0.670487447356431, 0.5142688774767091], [0.601345570505346, -0.1255926570825202, 0.7890563917240342]], "fy": 3121.8438228404225, "fx": 3118.4503479207447}, {"id": 30, "img_name": "IMG_5213", "width": 4007, "height": 2998, "position": [1.82885474512554, -1.2768791567451172, -0.45040301112404635], "rotation": [[0.005982081238419336, 0.903071457171985, -0.42944866741593773], [-0.646949473290344, 0.330965472583707, 0.6869630521118222], [0.7625094056556966, 0.27372212040445554, 0.5862214659050667]], "fy": 3121.8438228404225, "fx": 3118.4503479207447}, {"id": 31, "img_name": "IMG_5214", "width": 4007, "height": 2998, "position": [3.795309142465431, 2.0857127806113054, 0.580945663880249], "rotation": [[0.30094699433229566, 0.2637219660504586, -0.9164505612551271], [-0.6270770757070507, 0.7787451827506661, 0.018173647551480435], [0.7184742498691588, 0.5692158333752783, 0.399735021370203]], "fy": 3121.8438228404225, "fx": 3118.4503479207447}, {"id": 32, "img_name": "IMG_5215", "width": 4007, "height": 2998, "position": [3.0143968431806605, 2.7221914792070083, -0.6052679621375374], "rotation": [[0.5622253843902097, 0.22618092080092875, -0.7954525807443991], [-0.5451238109173099, 0.8246811450895903, -0.15080132527504822], [0.6218863625440503, 0.518404475288713, 0.5869532793011419]], "fy": 3121.8438228404225, "fx": 3118.4503479207447}, {"id": 33, "img_name": "IMG_5216", "width": 4007, "height": 2998, "position": [1.5778811641295152, 3.326194379801798, -1.8447621068418105], "rotation": [[0.8029708652715387, 0.22473864075043845, -0.5520238517299065], [-0.40570590855085575, 0.8845904809498351, -0.23000521033199264], [0.4366239861620077, 0.40864682106506695, 0.8014781783313966]], "fy": 3121.8438228404225, "fx": 3118.4503479207447}, {"id": 34, "img_name": "IMG_5217", "width": 4007, "height": 2998, "position": [0.46953158520372407, 3.5433843985605358, -2.006077598448636], "rotation": [[0.9625178993293091, 0.14998884878074883, -0.2259704376951105], [-0.2210002173340667, 0.9167060519000582, -0.3328797355624148], [0.1572202194661661, 0.37034221964452496, 0.9154935515555405]], "fy": 3121.8438228404225, "fx": 3118.4503479207447}, {"id": 35, "img_name": "IMG_5218", "width": 4007, "height": 2998, "position": [-0.3476189818732135, 3.558184021560529, -2.0582826510251726], "rotation": [[0.9993590394481439, 0.03203680286545302, 0.015973526080466604], [-0.024917047353634363, 0.9428879058414636, -0.33217696754753445], [-0.02570313258067951, 0.3315660421093498, 0.9430818144230546]], "fy": 3121.8438228404225, "fx": 3118.4503479207447}, {"id": 36, "img_name": "IMG_5219", "width": 4007, "height": 2998, "position": [-2.1507000028953502, 3.3681321152703454, -1.5109495227697403], "rotation": [[0.8228949866730104, -0.044772259452588455, 0.5664267699287666], [0.24823720046216466, 0.925047524422333, -0.28751586020047704], [-0.5110989465995142, 0.3772035555818944, 0.7723311106262933]], "fy": 3121.8438228404225, "fx": 3118.4503479207447}, {"id": 37, "img_name": "IMG_5220", "width": 4007, "height": 2998, "position": [-3.285247061066436, 2.5989747923940008, 0.02364167658008025], "rotation": [[0.45230804116063633, -0.10856933473235832, 0.8852288604972169], [0.46877942972584663, 0.873334283677035, -0.13241251912198584], [-0.7587247736612652, 0.4748683275499571, 0.4459111899499367]], "fy": 3121.8438228404225, "fx": 3118.4503479207447}, {"id": 38, "img_name": "IMG_5221", "width": 4007, "height": 2998, "position": [-3.8851890009385506, 1.8782009153546237, 1.0251120768220212], "rotation": [[0.08587119034699336, -0.1313455467627315, 0.9876104930659603], [0.514616131174635, 0.85464651296107, 0.06891716345247201], [-0.8531098265775874, 0.5023222921880761, 0.14098205051592821]], "fy": 3121.8438228404225, "fx": 3118.4503479207447}, {"id": 39, "img_name": "IMG_5222", "width": 4007, "height": 2998, "position": [-3.466817855144569, 0.5026296099135562, 2.8622837035950504], "rotation": [[-0.4520131819882987, -0.17080452941650978, 0.8755055088573787], [0.4493106354629522, 0.8042935402074712, 0.3888853996236051], [-0.770586812869706, 0.5691552634486811, -0.28680699070973026]], "fy": 3121.8438228404225, "fx": 3118.4503479207447}, {"id": 40, "img_name": "IMG_5223", "width": 4007, "height": 2998, "position": [-2.1112853452537395, -0.4892417262516223, 4.262263582891167], "rotation": [[-0.8524242635677786, -0.159531865072088, 0.4979181247027986], [0.23578819092761702, 0.7326868521307367, 0.6384151515540915], [-0.466665623225037, 0.6616037792677525, -0.5869443204926809]], "fy": 3121.8438228404225, "fx": 3118.4503479207447}, {"id": 41, "img_name": "IMG_5224", "width": 4007, "height": 2998, "position": [-0.9758038146584068, -0.8205465325246369, 4.673755626610326], "rotation": [[-0.9533439349772468, -0.09705113933344979, 0.2858608367653357], [0.13971367557462872, 0.6975630195343979, 0.702770177679361], [-0.2676105948940101, 0.7099203547808252, -0.6514581025425511]], "fy": 3121.8438228404225, "fx": 3118.4503479207447}, {"id": 42, "img_name": "IMG_5225", "width": 4007, "height": 2998, "position": [0.5246868114019273, -0.6894782268163732, 4.65646374646022], "rotation": [[-0.9971600431242392, -0.011245225557352462, -0.0744673975551031], [-0.06067088676903951, 0.7057684566320953, 0.7058398749871027], [0.04461941164027034, 0.7083533232259975, -0.7044463624574704]], "fy": 3121.8438228404225, "fx": 3118.4503479207447}, {"id": 43, "img_name": "IMG_5226", "width": 4007, "height": 2998, "position": [2.1440110752440864, -0.2531069615321011, 3.8659867321157884], "rotation": [[-0.8727049079681847, 0.06787214536908368, -0.4835075133762035], [-0.2853449260376297, 0.7326680414711421, 0.6178800969374403], [0.39618735062192656, 0.6771934087761332, -0.6200360234029466]], "fy": 3121.8438228404225, "fx": 3118.4503479207447}, {"id": 44, "img_name": "IMG_5227", "width": 4007, "height": 2998, "position": [2.978449821943371, 0.19362861049502816, 3.133606982631756], "rotation": [[-0.5895577730231607, 0.138809805769325, -0.7957094130964224], [-0.4634560347746233, 0.7486922247212582, 0.4739920426261563], [0.6615361940959495, 0.6482220225078867, -0.37706507851673376]], "fy": 3121.8438228404225, "fx": 3118.4503479207447}]