[{"id": 0, "img_name": "IMG_5155", "width": 3991, "height": 2984, "position": [2.9945741368132834, 4.0872876361483454, -12.006292105540808], "rotation": [[0.8865141040820966, -0.13230632551221477, 0.4433822047545135], [0.3428957965759418, 0.8312464556676947, -0.43755205705201017], [-0.31066898131945514, 0.5399299641336376, 0.7822789897962114]], "fy": 3049.4695923063423, "fx": 3082.125972045856}, {"id": 1, "img_name": "IMG_5156", "width": 3991, "height": 2984, "position": [0.4340536621161, -1.995137212696794, 6.4357827757403285], "rotation": [[0.9138014194406395, 0.17076924758830087, 0.3685170686771485], [-0.22395285490378286, -0.5450813310422937, 0.8079179793330548], [0.33883931975011067, -0.8208070459171795, -0.45985183348987013]], "fy": 3049.4695923063423, "fx": 3082.125972045856}, {"id": 2, "img_name": "IMG_5157", "width": 3991, "height": 2984, "position": [0.5108543010581291, -2.476537308875861, 5.35999126340882], "rotation": [[0.9403128952377182, 0.17898987441022937, 0.28943787573203034], [-0.20092880232028956, -0.3944334930236942, 0.8966882601993078], [0.2746621114165438, -0.9013239397906492, -0.3349266787111297]], "fy": 3049.4695923063423, "fx": 3082.125972045856}, {"id": 3, "img_name": "IMG_5158", "width": 3991, "height": 2984, "position": [0.47806114886234724, -2.658067008291206, 4.610232814095677], "rotation": [[0.9554898785622312, 0.17312153937166885, 0.2388891470341761], [-0.17749685778915736, -0.30945827343365906, 0.9342004295002407], [0.2356564394199916, -0.9350211278944676, -0.26495571884911157]], "fy": 3049.4695923063423, "fx": 3082.125972045856}, {"id": 4, "img_name": "IMG_5159", "width": 3991, "height": 2984, "position": [0.5492487696124696, -2.7966428323014405, 3.5103616489390026], "rotation": [[0.9751894233018917, 0.15382400533126922, 0.15919724892085796], [-0.1469327230510437, -0.08812636656071643, 0.9852129304945255], [0.16557887418668246, -0.9841605148046996, -0.06333812061009449]], "fy": 3049.4695923063423, "fx": 3082.125972045856}, {"id": 5, "img_name": "IMG_5160", "width": 3991, "height": 2984, "position": [0.5120573757429305, -2.685392793751708, 2.7358273659256542], "rotation": [[0.9778261405163642, 0.16588291950747605, 0.12782369083447645], [-0.1375404465654837, 0.048426819494314786, 0.9893116135537033], [0.15791980395580194, -0.9849556843682568, 0.0701686208302529]], "fy": 3049.4695923063423, "fx": 3082.125972045856}, {"id": 6, "img_name": "IMG_5161", "width": 3991, "height": 2984, "position": [0.8723606269467865, -2.359223046287271, 0.776145382943339], "rotation": [[0.9847331041080943, 0.16247218306280065, 0.06247802337178032], [-0.1412314946374909, 0.5359058342301072, 0.8323812838841304], [0.10175646709716943, -0.8284972701034932, 0.5506704049020268]], "fy": 3049.4695923063423, "fx": 3082.125972045856}, {"id": 7, "img_name": "IMG_5162", "width": 3991, "height": 2984, "position": [1.0128820872676507, -1.8315436814014108, -0.6881232831617647], "rotation": [[0.9883191342850343, 0.14779141724284892, 0.037188516983481384], [-0.13137865478084743, 0.7025812885125434, 0.6993705613621646], [0.07723301026151616, -0.6960870850844773, 0.7137911684131013]], "fy": 3049.4695923063423, "fx": 3082.125972045856}, {"id": 8, "img_name": "IMG_5163", "width": 3991, "height": 2984, "position": [1.0856021594652403, -0.6566895644447587, -1.8459456677205117], "rotation": [[0.9944031297818615, 0.10489358505555695, 0.012639275858647847], [-0.09864801289308471, 0.8789770257551643, 0.4665489875102622], [0.037828362802058334, -0.46518461282462653, 0.8844050491482499]], "fy": 3049.4695923063423, "fx": 3082.125972045856}, {"id": 9, "img_name": "IMG_5164", "width": 3991, "height": 2984, "position": [1.0999758363321153, 0.6054748870194158, -2.466991582404999], "rotation": [[0.9982290859625704, 0.05919957399774772, 0.005839724035985318], [-0.05894592028062628, 0.9711639801987701, 0.2310106102471334], [0.008004400077540101, -0.2309457382221376, 0.9729337056431083]], "fy": 3049.4695923063423, "fx": 3082.125972045856}, {"id": 10, "img_name": "IMG_5165", "width": 3991, "height": 2984, "position": [0.9947727193792844, 1.9811524889712178, -2.5425125436314846], "rotation": [[0.9999874759138331, -0.0023491695901469065, -0.0044192100784539706], [0.002475787781509101, 0.9995801684648907, 0.028867928338582677], [0.004349539095319224, -0.02887850782047687, 0.9995734656820983]], "fy": 3049.4695923063423, "fx": 3082.125972045856}, {"id": 11, "img_name": "IMG_5166", "width": 3991, "height": 2984, "position": [0.8635818698535407, 3.190336688763642, -1.9365800218601896], "rotation": [[0.9977741443510948, -0.05446152078451401, 0.03847985990461452], [0.06192625032020737, 0.9708085147572102, -0.23172390294524764], [-0.024736539485543035, 0.23359103242363025, 0.9720202329095536]], "fy": 3049.4695923063423, "fx": 3082.125972045856}, {"id": 12, "img_name": "IMG_5167", "width": 3991, "height": 2984, "position": [0.7957093629484802, 4.4274110079578755, -1.8553947417851222], "rotation": [[0.9963290971932733, -0.05027796837093384, 0.06928532299504993], [0.0743921192737287, 0.9089785823825046, -0.4101508860893216], [-0.042357321397845024, 0.41379954406256136, 0.9093820949730735]], "fy": 3049.4695923063423, "fx": 3082.125972045856}, {"id": 13, "img_name": "IMG_5168", "width": 3991, "height": 2984, "position": [0.5587163798124738, 5.469752717868706, -1.0252140016599938], "rotation": [[0.9826083807931952, -0.09300125745796885, 0.16072192167284352], [0.16954594668111087, 0.8023350422776784, -0.5722872110202026], [-0.07572939956833775, 0.5895839601316446, 0.8041491229843544]], "fy": 3049.4695923063423, "fx": 3082.125972045856}, {"id": 14, "img_name": "IMG_5169", "width": 3991, "height": 2984, "position": [-0.4444270644463075, 5.376050779235642, -1.2466055066921415], "rotation": [[0.9838501346824956, -0.11364795787452901, 0.1382861314672764], [0.1688165179219635, 0.8459531823622051, -0.5058302052348805], [-0.05949702313510259, 0.5210060987380161, 0.851476804919461]], "fy": 3049.4695923063423, "fx": 3082.125972045856}, {"id": 15, "img_name": "IMG_5170", "width": 3991, "height": 2984, "position": [-0.21033368946157058, 4.381460485652518, -1.9245891719071482], "rotation": [[0.9943714843340062, -0.05318003925524432, 0.09163642598986498], [0.08173955871280718, 0.9353454699871031, -0.3441620204439196], [-0.0674091661780568, 0.3497152201426413, 0.9344277762972177]], "fy": 3049.4695923063423, "fx": 3082.125972045856}, {"id": 16, "img_name": "IMG_5171", "width": 3991, "height": 2984, "position": [-0.08447840274117775, 2.80548381502332, -2.1683427081872955], "rotation": [[0.997875600522035, -0.03078435395196063, 0.05741610779692732], [0.03853682224964448, 0.9895113025810264, -0.13922031243787555], [-0.05252808023988007, 0.141137187219247, 0.9885955164626997]], "fy": 3049.4695923063423, "fx": 3082.125972045856}, {"id": 17, "img_name": "IMG_5172", "width": 3991, "height": 2984, "position": [0.008026367432311126, 1.2864914832435828, -1.8884862818531736], "rotation": [[0.9990049798065439, -0.016402943474306247, 0.04147280756237165], [0.00872748455175331, 0.9838310136040047, 0.17888646590593657], [-0.04373649888966543, -0.17834651697270576, 0.9829952383142956]], "fy": 3049.4695923063423, "fx": 3082.125972045856}, {"id": 18, "img_name": "IMG_5173", "width": 3991, "height": 2984, "position": [0.02371107862559752, 0.009051297250907418, -1.2993021186291775], "rotation": [[0.998502369745478, 0.037764296811364007, 0.039583778230579986], [-0.05163463320448348, 0.8896357611755689, 0.4537423025147695], [-0.01807988568832746, -0.4551066581845506, 0.8902533613582077]], "fy": 3049.4695923063423, "fx": 3082.125972045856}, {"id": 19, "img_name": "IMG_5174", "width": 3991, "height": 2984, "position": [-0.0279399149061924, -1.2449766212035809, -0.19267219104654487], "rotation": [[0.9952904699900237, 0.07878719650929565, 0.056475286747775195], [-0.09457352810711116, 0.6613305241725005, 0.7441087189242569], [0.02127740887446722, -0.7459453837003962, 0.6656671513659492]], "fy": 3049.4695923063423, "fx": 3082.125972045856}, {"id": 20, "img_name": "IMG_5175", "width": 3991, "height": 2984, "position": [-0.21105925271664486, -1.7852418699109756, 1.5702705162821193], "rotation": [[0.9646246447203766, 0.17138763565056075, 0.20031368686187648], [-0.2395500368571973, 0.2525970937373253, 0.9374489255832407], [0.11006849976175148, -0.9522714878549957, 0.2847172962407267]], "fy": 3049.4695923063423, "fx": 3082.125972045856}, {"id": 21, "img_name": "IMG_5176", "width": 3991, "height": 2984, "position": [-0.7722593143853073, -2.326501037918584, 3.9370145065725324], "rotation": [[0.9140705664516918, 0.27124149311710544, 0.30150132994447376], [-0.24823788661160004, -0.2136920195783397, 0.9448352620531986], [0.32070695533039123, -0.9384901561445028, -0.1279971703694138]], "fy": 3049.4695923063423, "fx": 3082.125972045856}, {"id": 22, "img_name": "IMG_5177", "width": 3991, "height": 2984, "position": [-2.4629512878439526, -1.9643031176322885, 3.9403730568418287], "rotation": [[0.8524765870078738, 0.4078627697330336, 0.3270040208760525], [-0.21089973965590653, -0.3040401643484427, 0.9290214627639357], [0.47833562319408984, -0.8609341087032565, -0.1731689696650397]], "fy": 3049.4695923063423, "fx": 3082.125972045856}, {"id": 23, "img_name": "IMG_5178", "width": 3991, "height": 2984, "position": [-2.19038055043122, -1.30267017921902, 1.7438291773462717], "rotation": [[0.8912870526717657, 0.2932857743878084, 0.34581909184054677], [-0.36481006584181785, 0.010864806163292079, 0.9310185668650879], [0.2692972439520418, -0.955963080107583, 0.11667726372801558]], "fy": 3049.4695923063423, "fx": 3082.125972045856}, {"id": 24, "img_name": "IMG_5179", "width": 3991, "height": 2984, "position": [-2.0515480945425497, -0.31382747694860674, 0.7870351915923892], "rotation": [[0.9286030023237771, 0.15756745381144194, 0.3359597618385962], [-0.3653084529451254, 0.5471684354514913, 0.753097893671471], [-0.06516285968330666, -0.8220579059561108, 0.5656629747234191]], "fy": 3049.4695923063423, "fx": 3082.125972045856}, {"id": 25, "img_name": "IMG_5180", "width": 3991, "height": 2984, "position": [-1.8972382747959553, 0.4873592731059982, -0.1491420419697708], "rotation": [[0.9378518523579569, -0.005500554883397262, 0.34699228654931785], [-0.17210517431716876, 0.8608819514837421, 0.478813193826988], [-0.30135313504592265, -0.5087750087273534, 0.8064330589035119]], "fy": 3049.4695923063423, "fx": 3082.125972045856}, {"id": 26, "img_name": "IMG_5181", "width": 3991, "height": 2984, "position": [-1.9147517899957096, 2.0806202716634363, -0.31346752475534234], "rotation": [[0.8958294239840127, -0.10476141036185414, 0.43187346529217013], [0.03854286590281589, 0.9864705318849991, 0.15934345675466058], [-0.44272349227533614, -0.12609891602040854, 0.8877471333471082]], "fy": 3049.4695923063423, "fx": 3082.125972045856}]