[{"id": 0, "img_name": "IMG_5251", "width": 3963, "height": 2970, "position": [-4.56748482454873, 1.196501590871206, 4.903647044860638], "rotation": [[0.19256304726404294, 0.06803344987994649, 0.9789233486467767], [-0.3010298350029837, 0.953588606722013, -0.007057447700572094], [-0.9339702946381442, -0.2933261304885788, 0.20410602613870793]], "fy": 3025.920573602848, "fx": 3023.6350840760783}, {"id": 1, "img_name": "IMG_5252", "width": 3963, "height": 2970, "position": [-4.573883049609946, 1.2220059259834095, 4.902661367986197], "rotation": [[0.11213789064052906, 0.3641186443414966, 0.9245770418551412], [-0.31068516337980523, 0.8966460412871132, -0.3154371663260567], [-0.9438748978219288, -0.25187991084455186, 0.21367425622798866]], "fy": 3025.920573602848, "fx": 3023.6350840760783}, {"id": 2, "img_name": "IMG_5253", "width": 3963, "height": 2970, "position": [-4.487996318001236, 0.8112068681137448, 3.6110545872870836], "rotation": [[0.05564288294838868, 0.11889944817577155, 0.9913459491018707], [-0.3058727896363489, 0.9471760115495588, -0.09643360257269235], [-0.9504450042676166, -0.2978599072862394, 0.08907170984191944]], "fy": 3025.920573602848, "fx": 3023.6350840760783}, {"id": 3, "img_name": "IMG_5254", "width": 3963, "height": 2970, "position": [-4.508433859496019, 0.8563408517006937, 3.619728099292056], "rotation": [[0.020910040103083567, 0.40296105042677843, 0.9149782303759116], [-0.2675511659359355, 0.8840547500506363, -0.3832278336958689], [-0.9633167411756162, -0.2367901829718757, 0.12629831914533424]], "fy": 3025.920573602848, "fx": 3023.6350840760783}, {"id": 4, "img_name": "IMG_5255", "width": 3963, "height": 2970, "position": [-4.394491930933118, 0.6149093007243008, 2.6701205075554224], "rotation": [[-0.10076447206970486, 0.07732102761270011, 0.9919011946042959], [-0.29755151992191137, 0.9490018682618627, -0.10420435224910005], [-0.9493732744082664, -0.30564180460861406, -0.07261868296048721]], "fy": 3025.920573602848, "fx": 3023.6350840760783}, {"id": 5, "img_name": "IMG_5256", "width": 3963, "height": 2970, "position": [-4.408592193916385, 0.5865127501285082, 2.6659670970354625], "rotation": [[-0.10797892033694982, 0.42168248380460976, 0.9002913059755945], [-0.26730500228014037, 0.859922707139851, -0.434834420787136], [-0.9575429956502634, -0.2876053208785349, 0.019864311804698265]], "fy": 3025.920573602848, "fx": 3023.6350840760783}, {"id": 6, "img_name": "IMG_5257", "width": 3963, "height": 2970, "position": [-4.047205466180449, 0.2786909761936714, 1.4055140077873503], "rotation": [[0.13871607785687606, 0.04905884055349519, 0.989116312628374], [-0.2972249741297635, 0.9547906232946541, -0.005672779051517572], [-0.9446772806083387, -0.29320316477172037, 0.14702632305230529]], "fy": 3025.920573602848, "fx": 3023.6350840760783}, {"id": 7, "img_name": "IMG_5258", "width": 3963, "height": 2970, "position": [-4.058256379615993, 0.25505437648932133, 1.401331280806758], "rotation": [[0.1681369335946985, 0.3361972061166384, 0.9266614323261427], [-0.26198072037732456, 0.921478272724717, -0.28678196429840225], [-0.9503136712222706, -0.19454878949928858, 0.24301171739735397]], "fy": 3025.920573602848, "fx": 3023.6350840760783}, {"id": 8, "img_name": "IMG_5259", "width": 3963, "height": 2970, "position": [-3.566372686312769, -0.03532623057760252, 0.13846498137714364], "rotation": [[0.44377743696338945, -0.030270093762494493, 0.8956256516345512], [-0.2637248772182693, 0.950759094003116, 0.1628076604665234], [-0.8564524362615904, -0.308449131290694, 0.41394245714543776]], "fy": 3025.920573602848, "fx": 3023.6350840760783}, {"id": 9, "img_name": "IMG_5260", "width": 3963, "height": 2970, "position": [-3.5678589439759727, -0.061847432635943264, 0.14952514339224254], "rotation": [[0.44154886533460286, 0.26502909177370854, 0.8572013649285258], [-0.2182677396572646, 0.9584070335291102, -0.18388896624550283], [-0.8702837430095045, -0.10590343996081658, 0.4810308389883463]], "fy": 3025.920573602848, "fx": 3023.6350840760783}, {"id": 10, "img_name": "IMG_5261", "width": 3963, "height": 2970, "position": [-2.713176749651278, -0.30502368329045365, -0.7695653201792294], "rotation": [[0.6605741270940487, 0.012015335054132926, 0.7506646750297182], [-0.21926180438055362, 0.9593672770404139, 0.17759135362918316], [-0.7180293056371161, -0.2819043445348061, 0.6363677056377719]], "fy": 3025.920573602848, "fx": 3023.6350840760783}, {"id": 11, "img_name": "IMG_5262", "width": 3963, "height": 2970, "position": [-2.7166037717756373, -0.32752812398942177, -0.7555426998752282], "rotation": [[0.6601688303347455, 0.24162384696454686, 0.7111926827748631], [-0.20343158772268174, 0.9689750143290098, -0.14036741332205346], [-0.7230440543777971, -0.052012865563710105, 0.6888410246528356]], "fy": 3025.920573602848, "fx": 3023.6350840760783}, {"id": 12, "img_name": "IMG_5263", "width": 3963, "height": 2970, "position": [-1.296858611523849, -0.39945588602911, -1.2081195640883429], "rotation": [[0.8530591460474803, 0.02881422033328135, 0.5210180745917828], [-0.15613875443726244, 0.9668223971513376, 0.20217601670158974], [-0.4979063995446571, -0.25381921336480096, 0.8292557049664172]], "fy": 3025.920573602848, "fx": 3023.6350840760783}, {"id": 13, "img_name": "IMG_5264", "width": 3963, "height": 2970, "position": [-1.285554713996385, -0.4252566383576258, -1.2109307719541824], "rotation": [[0.8404285746962471, 0.1864742177603537, 0.5088292217873289], [-0.119864808771571, 0.9796425628656946, -0.16103687975146744], [-0.528499989074919, 0.0743492779561312, 0.8456712992736674]], "fy": 3025.920573602848, "fx": 3023.6350840760783}, {"id": 14, "img_name": "IMG_5265", "width": 3963, "height": 2970, "position": [0.40320429791816265, -0.4141341132530538, -1.3790851686157761], "rotation": [[0.982122178401157, -0.0028938638181186874, 0.1882223478887884], [-0.07239279180079393, 0.9171814784367073, 0.3918385117723149], [-0.17376797860323054, -0.398459234006263, 0.9005747767105677]], "fy": 3025.920573602848, "fx": 3023.6350840760783}, {"id": 15, "img_name": "IMG_5266", "width": 3963, "height": 2970, "position": [0.41183307270306474, -0.4378645263772895, -1.3632217802817053], "rotation": [[0.9827229877670073, 0.009131762889576999, 0.18485708052659255], [-0.02412870075273554, 0.9965793063010296, 0.07904107826025229], [-0.1835029566908161, -0.08213584576229147, 0.9795817310090269]], "fy": 3025.920573602848, "fx": 3023.6350840760783}, {"id": 16, "img_name": "IMG_5267", "width": 3963, "height": 2970, "position": [0.4239195686566477, -0.45469431104227653, -1.370310218874037], "rotation": [[0.9743671447122354, 0.0680349759094843, 0.2144292642302393], [-0.01715526367859223, 0.9728684587702927, -0.23072203808486366], [-0.22430863610981158, 0.22112938290265993, 0.9490982203036971]], "fy": 3025.920573602848, "fx": 3023.6350840760783}, {"id": 17, "img_name": "IMG_5268", "width": 3963, "height": 2970, "position": [1.7662835312678422, -0.29429691923699036, -1.0437524620691996], "rotation": [[0.9999335149215265, 0.011136786421044473, 0.002989602798551961], [-0.011510515091110838, 0.9485438649043262, 0.31643647766131616], [0.0006883160744744213, -0.31644985122539615, 0.9486089910391985]], "fy": 3025.920573602848, "fx": 3023.6350840760783}, {"id": 18, "img_name": "IMG_5269", "width": 3963, "height": 2970, "position": [1.7726125675630506, -0.3224903761286738, -1.0414624050918566], "rotation": [[0.9999299995056405, 0.005273318827830296, 0.010591892993688228], [-0.0053135498433151485, 0.9999787623091462, 0.0037737406814698483], [-0.010571767908552326, -0.003829757069113584, 0.9999367833438667]], "fy": 3025.920573602848, "fx": 3023.6350840760783}, {"id": 19, "img_name": "IMG_5270", "width": 3963, "height": 2970, "position": [1.7760166429695219, -0.3466005226751083, -1.0385278984077866], "rotation": [[0.9997350830877959, -0.0017909969769033095, 0.0229468074743885], [0.007588853554995732, 0.9668681678249046, -0.2551633895147045], [-0.0217295408409556, 0.25526993237892454, 0.9666256197091513]], "fy": 3025.920573602848, "fx": 3023.6350840760783}, {"id": 20, "img_name": "IMG_5271", "width": 3963, "height": 2970, "position": [2.899483743533737, -0.18240040944015087, -0.7613557709750063], "rotation": [[0.9643436529527364, 0.03553709973819921, -0.2622564270937313], [0.06331707657828738, 0.9311859014472047, 0.3590038506193716], [0.2569674431194574, -0.3628083950078251, 0.8957331085141904]], "fy": 3025.920573602848, "fx": 3023.6350840760783}, {"id": 21, "img_name": "IMG_5272", "width": 3963, "height": 2970, "position": [2.9048611174512615, -0.21095734832444232, -0.7545997563480386], "rotation": [[0.9683728212378342, -0.07607017644046979, -0.23762871742319597], [0.08557787526093051, 0.9958815563691195, 0.02993915412373339], [0.23437258020873933, -0.04932802388233123, 0.970894556430389]], "fy": 3025.920573602848, "fx": 3023.6350840760783}, {"id": 22, "img_name": "IMG_5273", "width": 3963, "height": 2970, "position": [2.908798926472427, -0.24137109291270967, -0.7585814354359476], "rotation": [[0.9743743289446443, -0.14098419835537127, -0.1752658634981935], [0.08389918286239267, 0.9507581547759655, -0.2983619584364335], [0.2086997705046579, 0.2760115703029397, 0.9382227980870047]], "fy": 3025.920573602848, "fx": 3023.6350840760783}, {"id": 23, "img_name": "IMG_5274", "width": 3963, "height": 2970, "position": [3.9617401294446006, -0.048844757084406006, -0.44729871875570615], "rotation": [[0.8490364182497603, 0.036165956365625036, -0.527095042744454], [0.14554316975883538, 0.9430428672715465, 0.29914434011829666], [0.5078920615860903, -0.3306995223589233, 0.7954140303574051]], "fy": 3025.920573602848, "fx": 3023.6350840760783}, {"id": 24, "img_name": "IMG_5275", "width": 3963, "height": 2970, "position": [3.9863847289466023, -0.07033539711710736, -0.4345217365229302], "rotation": [[0.8384302504810929, -0.13792891158714057, -0.5272668493529613], [0.17505639439734091, 0.9843371907221309, 0.02086992433781124], [0.5161298033041828, -0.10979940942304789, 0.8494434153206061]], "fy": 3025.920573602848, "fx": 3023.6350840760783}, {"id": 25, "img_name": "IMG_5276", "width": 3963, "height": 2970, "position": [3.992292449630522, -0.08686127226931949, -0.4302478725647055], "rotation": [[0.8471103870809836, -0.27107031419230926, -0.4570830087229109], [0.18826187171641703, 0.9574167204972106, -0.2188851090645448], [0.49695217049263135, 0.09936854671398329, 0.8620698534147992]], "fy": 3025.920573602848, "fx": 3023.6350840760783}, {"id": 26, "img_name": "IMG_5277", "width": 3963, "height": 2970, "position": [4.665012486993946, 0.1331812021253969, -0.007973880214267915], "rotation": [[0.7190000093194819, -0.05510701964247869, -0.6928219128929947], [0.21613538419017408, 0.9651524572663218, 0.14753382640515597], [0.6605486222069884, -0.25582015287874477, 0.705855202631209]], "fy": 3025.920573602848, "fx": 3023.6350840760783}, {"id": 27, "img_name": "IMG_5278", "width": 3963, "height": 2970, "position": [4.670524852815301, 0.11086271585359085, 0.0002295920092298243], "rotation": [[0.736132522260971, -0.2568022648443881, -0.6262279987676164], [0.2434247550176165, 0.963767299036139, -0.10907328707432815], [0.6315483341077818, -0.07214700325985916, 0.7719724811198307]], "fy": 3025.920573602848, "fx": 3023.6350840760783}, {"id": 28, "img_name": "IMG_5279", "width": 3963, "height": 2970, "position": [4.699048611139089, 0.1039634545767737, 0.010591332542859006], "rotation": [[0.740444512767552, -0.41189409851117503, -0.5311169128582603], [0.2563699407176364, 0.9035535138392319, -0.34331545424756565], [0.6213021624047819, 0.11804363278230327, 0.774628506931354]], "fy": 3025.920573602848, "fx": 3023.6350840760783}, {"id": 29, "img_name": "IMG_5280", "width": 3963, "height": 2970, "position": [5.85717394487477, 0.44370767720827653, 0.7420040854511863], "rotation": [[0.5261292130508893, -0.057210663193152496, -0.8484780440243881], [0.28211671457673104, 0.9529743420973527, 0.11068000117703794], [0.8022457295186327, -0.29760182009039776, 0.5175277250041773]], "fy": 3025.920573602848, "fx": 3023.6350840760783}, {"id": 30, "img_name": "IMG_5281", "width": 3963, "height": 2970, "position": [5.87176583835262, 0.42042917217382203, 0.7430276161712862], "rotation": [[0.5671785171325187, -0.3095847662386373, -0.7631944720818711], [0.2895913610784512, 0.9424537241590506, -0.1670862693564813], [0.7710028361115718, -0.12624678345092538, 0.6241925795587512]], "fy": 3025.920573602848, "fx": 3023.6350840760783}, {"id": 31, "img_name": "IMG_5282", "width": 3963, "height": 2970, "position": [5.8654870487729385, 0.4001619569041765, 0.7357047141901022], "rotation": [[0.6096689743036715, -0.4804948967367955, -0.630419222407919], [0.3105594098350752, 0.8765369224097784, -0.3677443087462859], [0.7292849886939939, 0.02841967385967026, 0.6836195779842112]], "fy": 3025.920573602848, "fx": 3023.6350840760783}]