[{"id": 0, "img_name": "IMG_5228", "width": 3971, "height": 2978, "position": [-0.4228551162362784, -0.4756838071407425, -2.2932969724775516], "rotation": [[0.9989958508958096, 0.011694595914541263, -0.04324958172460033], [-0.010720451977608679, 0.9996851241936817, 0.022687537884467757], [0.04350128506553656, -0.022201101149694546, 0.9988066626256493]], "fy": 3003.6439701892537, "fx": 3033.074974965803}, {"id": 1, "img_name": "IMG_5229", "width": 3971, "height": 2978, "position": [0.961187159480981, -0.26255726502531135, -1.1680302100832438], "rotation": [[0.9575083815191512, -0.020183504773496088, -0.2876983236927767], [0.0052547962792557365, 0.998603506225103, -0.052568283888617555], [0.2883575669834919, 0.04882277634454056, 0.9562772872307342]], "fy": 3003.6439701892537, "fx": 3033.074974965803}, {"id": 2, "img_name": "IMG_5230", "width": 3971, "height": 2978, "position": [2.7448015382131694, -0.20189516578624567, -0.43183795626661076], "rotation": [[0.865742569406762, -0.06223538459869994, -0.4966050346309728], [0.045803909768122285, 0.9979268386845509, -0.045210911105748666], [0.4983892107248426, 0.016394558149279235, 0.8667983693432738]], "fy": 3003.6439701892537, "fx": 3033.074974965803}, {"id": 3, "img_name": "IMG_5231", "width": 3971, "height": 2978, "position": [3.477835618459791, 0.05524816312090233, 1.0295491613477934], "rotation": [[0.7242091650372738, -0.15166441861613073, -0.6726953169168385], [0.10851415331274945, 0.9884247898672677, -0.10602411662760908], [0.6809888132758363, 0.003786674224012923, 0.7322840277457168]], "fy": 3003.6439701892537, "fx": 3033.074974965803}, {"id": 4, "img_name": "IMG_5232", "width": 3971, "height": 2978, "position": [3.7536997720983742, 0.3417598147054935, 2.5766011663832336], "rotation": [[0.5070376388764496, -0.27306812689350024, -0.8175246973868562], [0.20149465649461987, 0.9597590727279383, -0.1956078365519218], [0.8380410110291207, -0.06554632248481573, 0.5416557425542594]], "fy": 3003.6439701892537, "fx": 3033.074974965803}, {"id": 5, "img_name": "IMG_5233", "width": 3971, "height": 2978, "position": [3.8201909245211794, 0.5545074557559583, 3.4755359689002816], "rotation": [[0.37318337785319816, -0.3128235492485172, -0.8734274975804445], [0.17252446448723807, 0.9484176888756064, -0.26596841275092287], [0.9115752715203875, -0.051432620615851694, 0.40790343206341984]], "fy": 3003.6439701892537, "fx": 3033.074974965803}, {"id": 6, "img_name": "IMG_5234", "width": 3971, "height": 2978, "position": [4.296258798903279, 0.8420531915194185, 4.806342932096655], "rotation": [[0.11793540533553423, -0.3399611576908545, -0.9330153543376642], [0.20838160659378901, 0.9271248512546515, -0.3114749046382899], [0.9709110907810943, -0.1576893193831922, 0.18018249734846895]], "fy": 3003.6439701892537, "fx": 3033.074974965803}, {"id": 7, "img_name": "IMG_5243", "width": 3971, "height": 2978, "position": [-6.014792940117631, 0.7239515182541802, 1.4659865531481389], "rotation": [[0.6303699838804858, 0.3164846990130724, 0.7088519723560914], [-0.1357433200040709, 0.9439917728743055, -0.3007545241885782], [-0.764334635154517, 0.09336470444568742, 0.6380247624246106]], "fy": 3003.6439701892537, "fx": 3033.074974965803}, {"id": 8, "img_name": "IMG_5244", "width": 3971, "height": 2978, "position": [-4.903593133820945, 0.3845754048308986, 0.682967181902816], "rotation": [[0.7815929017588616, 0.27476503848204725, 0.5600149190406639], [-0.142224186830146, 0.9526120946604162, -0.2688912006503712], [-0.6073588861625934, 0.13051578730043942, 0.783633085483685]], "fy": 3003.6439701892537, "fx": 3033.074974965803}, {"id": 9, "img_name": "IMG_5245", "width": 3971, "height": 2978, "position": [-2.653498005103833, -0.4741005532370151, -2.0244260522472115], "rotation": [[0.9776522440999664, 0.05880362677653442, 0.20183712018413646], [-0.05309809437707888, 0.9980248172413435, -0.033571662811152786], [-0.20341259051450658, 0.022104245029155818, 0.9788435627677535]], "fy": 3003.6439701892537, "fx": 3033.074974965803}, {"id": 10, "img_name": "IMG_5246", "width": 3971, "height": 2978, "position": [-0.9103704530744497, -0.6329455824266994, -2.657678248039401], "rotation": [[0.9991920960848785, 0.011690927845283567, -0.03845097303870859], [-0.011566975601397377, 0.9999271674705811, 0.0034445362092948334], [0.0384884423813669, -0.0029969918880168346, 0.9992545510742893]], "fy": 3003.6439701892537, "fx": 3033.074974965803}, {"id": 11, "img_name": "IMG_5247", "width": 3971, "height": 2978, "position": [-0.16741115268149265, -0.6010739305321375, -2.227240111760378], "rotation": [[0.9952350062097557, -0.023388278579515937, -0.09465870715234939], [0.027234223039745337, 0.9988466341233166, 0.03954362901836823], [0.09362467361806229, -0.041933160214892996, 0.9947240977096631]], "fy": 3003.6439701892537, "fx": 3033.074974965803}, {"id": 12, "img_name": "IMG_5248", "width": 3971, "height": 2978, "position": [-1.4081861507247164, -0.05848669484155624, -0.44213346419539296], "rotation": [[0.9972667402535749, 0.027877653883957142, 0.06842430268504661], [-0.049393807969809994, 0.9402754413321036, 0.33681203387343417], [-0.05494816210074839, -0.33927117596642975, 0.9390824078003516]], "fy": 3003.6439701892537, "fx": 3033.074974965803}, {"id": 13, "img_name": "IMG_5249", "width": 3971, "height": 2978, "position": [-2.552827494889929, 0.3608644853216254, 0.9059828937998333], "rotation": [[0.9399775290340716, 0.015101081204712718, 0.3409020420259313], [-0.10018277981044069, 0.9672082368936653, 0.2333915960665677], [-0.3261987975766525, -0.2535353699811839, 0.91066687686994]], "fy": 3003.6439701892537, "fx": 3033.074974965803}, {"id": 14, "img_name": "IMG_5250", "width": 3971, "height": 2978, "position": [2.0812176094442263, 0.37684203171859065, 1.9258781035807357], "rotation": [[0.7021621840098754, 0.13521148332550378, -0.6990608858485784], [0.10673538965928482, 0.950721075881391, 0.2910961910936162], [0.7039714652887307, -0.2790112733418624, 0.6531285366659384]], "fy": 3003.6439701892537, "fx": 3033.074974965803}]